[{"passport_label": "6.4-2.0.2-2-2-2-2-2-2-2-2.1", "gen_vectors": [[2, 1, 4, 3], [2, 1, 4, 3], [2, 1, 4, 3], [2, 1, 4, 3], [2, 1, 4, 3], [2, 1, 4, 3], [2, 1, 4, 3], [3, 4, 1, 2], [4, 3, 2, 1]], "total_label": "6.4-2.0.2-2-2-2-2-2-2-2-2.1.1", "cc": [1, 1], "signature": "[0,2,2,2,2,2,2,2,2,2]", "label": "6.4-2.0.2-2-2-2-2-2-2-2-2", "genus": 6, "group": "[4,2]", "_id": {"$oid": "579bc92d75d28e4971d3f290"}}, {"passport_label": "6.4-2.0.2-2-2-2-2-2-2-2-2.2", "gen_vectors": [[2, 1, 4, 3], [2, 1, 4, 3], [2, 1, 4, 3], [2, 1, 4, 3], [2, 1, 4, 3], [3, 4, 1, 2], [3, 4, 1, 2], [3, 4, 1, 2], [4, 3, 2, 1]], "total_label": "6.4-2.0.2-2-2-2-2-2-2-2-2.2.1", "cc": [2, 1], "label": "6.4-2.0.2-2-2-2-2-2-2-2-2", "genus": 6, "signature": "[0,2,2,2,2,2,2,2,2,2]", "group": "[4,2]", "_id": {"$oid": "579bc92d75d28e4971d3f291"}}, {"passport_label": "6.4-2.0.2-2-2-2-2-2-2-2-2.3", "gen_vectors": [[2, 1, 4, 3], [2, 1, 4, 3], [2, 1, 4, 3], [2, 1, 4, 3], [2, 1, 4, 3], [3, 4, 1, 2], [4, 3, 2, 1], [4, 3, 2, 1], [4, 3, 2, 1]], "total_label": "6.4-2.0.2-2-2-2-2-2-2-2-2.3.1", "cc": [3, 1], "label": "6.4-2.0.2-2-2-2-2-2-2-2-2", "genus": 6, "signature": "[0,2,2,2,2,2,2,2,2,2]", "group": "[4,2]", "_id": {"$oid": "579bc92e75d28e4971d3f292"}}, {"passport_label": "6.4-2.0.2-2-2-2-2-2-2-2-2.4", "gen_vectors": [[2, 1, 4, 3], [2, 1, 4, 3], [2, 1, 4, 3], [3, 4, 1, 2], [3, 4, 1, 2], [3, 4, 1, 2], [3, 4, 1, 2], [3, 4, 1, 2], [4, 3, 2, 1]], "total_label": "6.4-2.0.2-2-2-2-2-2-2-2-2.4.1", "cc": [4, 1], "label": "6.4-2.0.2-2-2-2-2-2-2-2-2", "genus": 6, "signature": "[0,2,2,2,2,2,2,2,2,2]", "group": "[4,2]", "_id": {"$oid": "579bc92e75d28e4971d3f293"}}, {"passport_label": "6.4-2.0.2-2-2-2-2-2-2-2-2.5", "gen_vectors": [[2, 1, 4, 3], [2, 1, 4, 3], [2, 1, 4, 3], [3, 4, 1, 2], [3, 4, 1, 2], [3, 4, 1, 2], [4, 3, 2, 1], [4, 3, 2, 1], [4, 3, 2, 1]], "total_label": "6.4-2.0.2-2-2-2-2-2-2-2-2.5.1", "cc": [5, 1], "label": "6.4-2.0.2-2-2-2-2-2-2-2-2", "genus": 6, "signature": "[0,2,2,2,2,2,2,2,2,2]", "group": "[4,2]", "_id": {"$oid": "579bc92f75d28e4971d3f294"}}, {"passport_label": "6.4-2.0.2-2-2-2-2-2-2-2-2.6", "gen_vectors": [[2, 1, 4, 3], [2, 1, 4, 3], [2, 1, 4, 3], [3, 4, 1, 2], [4, 3, 2, 1], [4, 3, 2, 1], [4, 3, 2, 1], [4, 3, 2, 1], [4, 3, 2, 1]], "total_label": "6.4-2.0.2-2-2-2-2-2-2-2-2.6.1", "cc": [6, 1], "label": "6.4-2.0.2-2-2-2-2-2-2-2-2", "genus": 6, "signature": "[0,2,2,2,2,2,2,2,2,2]", "group": "[4,2]", "_id": {"$oid": "579bc92f75d28e4971d3f295"}}, {"passport_label": "6.4-2.0.2-2-2-2-2-2-2-2-2.7", "gen_vectors": [[2, 1, 4, 3], [3, 4, 1, 2], [3, 4, 1, 2], [3, 4, 1, 2], [3, 4, 1, 2], [3, 4, 1, 2], [3, 4, 1, 2], [3, 4, 1, 2], [4, 3, 2, 1]], "total_label": "6.4-2.0.2-2-2-2-2-2-2-2-2.7.1", "cc": [7, 1], "signature": "[0,2,2,2,2,2,2,2,2,2]", "label": "6.4-2.0.2-2-2-2-2-2-2-2-2", "genus": 6, "group": "[4,2]", "_id": {"$oid": "579bc93075d28e4971d3f296"}}, {"passport_label": "6.4-2.0.2-2-2-2-2-2-2-2-2.8", "gen_vectors": [[2, 1, 4, 3], [3, 4, 1, 2], [3, 4, 1, 2], [3, 4, 1, 2], [3, 4, 1, 2], [3, 4, 1, 2], [4, 3, 2, 1], [4, 3, 2, 1], [4, 3, 2, 1]], "total_label": "6.4-2.0.2-2-2-2-2-2-2-2-2.8.1", "cc": [8, 1], "label": "6.4-2.0.2-2-2-2-2-2-2-2-2", "genus": 6, "signature": "[0,2,2,2,2,2,2,2,2,2]", "group": "[4,2]", "_id": {"$oid": "579bc93075d28e4971d3f297"}}, {"passport_label": "6.4-2.0.2-2-2-2-2-2-2-2-2.9", "gen_vectors": [[2, 1, 4, 3], [3, 4, 1, 2], [3, 4, 1, 2], [3, 4, 1, 2], [4, 3, 2, 1], [4, 3, 2, 1], [4, 3, 2, 1], [4, 3, 2, 1], [4, 3, 2, 1]], "total_label": "6.4-2.0.2-2-2-2-2-2-2-2-2.9.1", "cc": [9, 1], "label": "6.4-2.0.2-2-2-2-2-2-2-2-2", "genus": 6, "signature": "[0,2,2,2,2,2,2,2,2,2]", "group": "[4,2]", "_id": {"$oid": "579bc93175d28e4971d3f298"}}, {"passport_label": "6.4-2.0.2-2-2-2-2-2-2-2-2.10", "gen_vectors": [[2, 1, 4, 3], [3, 4, 1, 2], [4, 3, 2, 1], [4, 3, 2, 1], [4, 3, 2, 1], [4, 3, 2, 1], [4, 3, 2, 1], [4, 3, 2, 1], [4, 3, 2, 1]], "total_label": "6.4-2.0.2-2-2-2-2-2-2-2-2.10.1", "cc": [10, 1], "signature": "[0,2,2,2,2,2,2,2,2,2]", "label": "6.4-2.0.2-2-2-2-2-2-2-2-2", "genus": 6, "group": "[4,2]", "_id": {"$oid": "579bc93175d28e4971d3f299"}}]
[{"passport_label": "6.10-2.0.2-5-5-10.1", "gen_vectors": [[6, 7, 8, 9, 10, 1, 2, 3, 4, 5], [2, 3, 4, 5, 1, 7, 8, 9, 10, 6], [2, 3, 4, 5, 1, 7, 8, 9, 10, 6], [9, 10, 6, 7, 8, 4, 5, 1, 2, 3]], "total_label": "6.10-2.0.2-5-5-10.1.1", "cc": [1, 1], "label": "6.10-2.0.2-5-5-10", "genus": 6, "signature": "[0,2,5,5,10]", "group": "[10,2]", "_id": {"$oid": "579bca2e75d28e4971d3f492"}}, {"passport_label": "6.10-2.0.2-5-5-10.2", "gen_vectors": [[6, 7, 8, 9, 10, 1, 2, 3, 4, 5], [2, 3, 4, 5, 1, 7, 8, 9, 10, 6], [3, 4, 5, 1, 2, 8, 9, 10, 6, 7], [8, 9, 10, 6, 7, 3, 4, 5, 1, 2]], "total_label": "6.10-2.0.2-5-5-10.2.1", "cc": [2, 1], "label": "6.10-2.0.2-5-5-10", "genus": 6, "signature": "[0,2,5,5,10]", "group": "[10,2]", "_id": {"$oid": "579bca2f75d28e4971d3f493"}}, {"passport_label": "6.10-2.0.2-5-5-10.3", "gen_vectors": [[6, 7, 8, 9, 10, 1, 2, 3, 4, 5], [2, 3, 4, 5, 1, 7, 8, 9, 10, 6], [4, 5, 1, 2, 3, 9, 10, 6, 7, 8], [7, 8, 9, 10, 6, 2, 3, 4, 5, 1]], "total_label": "6.10-2.0.2-5-5-10.3.1", "cc": [3, 1], "label": "6.10-2.0.2-5-5-10", "genus": 6, "signature": "[0,2,5,5,10]", "group": "[10,2]", "_id": {"$oid": "579bca2f75d28e4971d3f494"}}, {"passport_label": "6.10-2.0.2-5-5-10.4", "gen_vectors": [[6, 7, 8, 9, 10, 1, 2, 3, 4, 5], [3, 4, 5, 1, 2, 8, 9, 10, 6, 7], [3, 4, 5, 1, 2, 8, 9, 10, 6, 7], [7, 8, 9, 10, 6, 2, 3, 4, 5, 1]], "total_label": "6.10-2.0.2-5-5-10.4.1", "cc": [4, 1], "label": "6.10-2.0.2-5-5-10", "genus": 6, "signature": "[0,2,5,5,10]", "group": "[10,2]", "_id": {"$oid": "579bca3075d28e4971d3f495"}}, {"passport_label": "6.10-2.0.2-5-5-10.5", "gen_vectors": [[6, 7, 8, 9, 10, 1, 2, 3, 4, 5], [3, 4, 5, 1, 2, 8, 9, 10, 6, 7], [5, 1, 2, 3, 4, 10, 6, 7, 8, 9], [10, 6, 7, 8, 9, 5, 1, 2, 3, 4]], "total_label": "6.10-2.0.2-5-5-10.5.1", "cc": [5, 1], "label": "6.10-2.0.2-5-5-10", "genus": 6, "signature": "[0,2,5,5,10]", "group": "[10,2]", "_id": {"$oid": "579bca3075d28e4971d3f496"}}, {"passport_label": "6.10-2.0.2-5-5-10.6", "gen_vectors": [[6, 7, 8, 9, 10, 1, 2, 3, 4, 5], [4, 5, 1, 2, 3, 9, 10, 6, 7, 8], [4, 5, 1, 2, 3, 9, 10, 6, 7, 8], [10, 6, 7, 8, 9, 5, 1, 2, 3, 4]], "total_label": "6.10-2.0.2-5-5-10.6.1", "cc": [6, 1], "label": "6.10-2.0.2-5-5-10", "genus": 6, "signature": "[0,2,5,5,10]", "group": "[10,2]", "_id": {"$oid": "579bca3175d28e4971d3f497"}}, {"passport_label": "6.10-2.0.2-5-5-10.7", "gen_vectors": [[6, 7, 8, 9, 10, 1, 2, 3, 4, 5], [4, 5, 1, 2, 3, 9, 10, 6, 7, 8], [5, 1, 2, 3, 4, 10, 6, 7, 8, 9], [9, 10, 6, 7, 8, 4, 5, 1, 2, 3]], "total_label": "6.10-2.0.2-5-5-10.7.1", "cc": [7, 1], "label": "6.10-2.0.2-5-5-10", "genus": 6, "signature": "[0,2,5,5,10]", "group": "[10,2]", "_id": {"$oid": "579bca3275d28e4971d3f498"}}, {"passport_label": "6.10-2.0.2-5-5-10.8", "gen_vectors": [[6, 7, 8, 9, 10, 1, 2, 3, 4, 5], [5, 1, 2, 3, 4, 10, 6, 7, 8, 9], [5, 1, 2, 3, 4, 10, 6, 7, 8, 9], [8, 9, 10, 6, 7, 3, 4, 5, 1, 2]], "total_label": "6.10-2.0.2-5-5-10.8.1", "cc": [8, 1], "label": "6.10-2.0.2-5-5-10", "genus": 6, "signature": "[0,2,5,5,10]", "group": "[10,2]", "_id": {"$oid": "579bca3275d28e4971d3f499"}}]
[{"passport_label": "6.16-7.0.2-2-4-8.1", "gen_vectors": [[5, 6, 8, 7, 1, 2, 4, 3, 13, 14, 16, 15, 9, 10, 12, 11], [9, 10, 12, 11, 15, 16, 13, 14, 1, 2, 4, 3, 7, 8, 5, 6], [4, 3, 1, 2, 8, 7, 5, 6, 12, 11, 9, 10, 16, 15, 13, 14], [15, 16, 14, 13, 9, 10, 11, 12, 7, 8, 6, 5, 1, 2, 3, 4]], "total_label": "6.16-7.0.2-2-4-8.1.1", "cc": [1, 1], "label": "6.16-7.0.2-2-4-8", "genus": 6, "signature": "[0,2,2,4,8]", "group": "[16,7]", "_id": {"$oid": "579bca4875d28e4971d3f4c7"}}, {"passport_label": "6.16-7.0.2-2-4-8.1", "gen_vectors": [[5, 6, 8, 7, 1, 2, 4, 3, 13, 14, 16, 15, 9, 10, 12, 11], [10, 9, 11, 12, 16, 15, 14, 13, 2, 1, 3, 4, 8, 7, 6, 5], [3, 4, 2, 1, 7, 8, 6, 5, 11, 12, 10, 9, 15, 16, 14, 13], [15, 16, 14, 13, 9, 10, 11, 12, 7, 8, 6, 5, 1, 2, 3, 4]], "total_label": "6.16-7.0.2-2-4-8.1.2", "cc": [1, 2], "label": "6.16-7.0.2-2-4-8", "genus": 6, "signature": "[0,2,2,4,8]", "group": "[16,7]", "_id": {"$oid": "579bca4975d28e4971d3f4c8"}}, {"passport_label": "6.16-7.0.2-2-4-8.2", "gen_vectors": [[5, 6, 8, 7, 1, 2, 4, 3, 13, 14, 16, 15, 9, 10, 12, 11], [9, 10, 12, 11, 15, 16, 13, 14, 1, 2, 4, 3, 7, 8, 5, 6], [3, 4, 2, 1, 7, 8, 6, 5, 11, 12, 10, 9, 15, 16, 14, 13], [16, 15, 13, 14, 10, 9, 12, 11, 8, 7, 5, 6, 2, 1, 4, 3]], "total_label": "6.16-7.0.2-2-4-8.2.1", "cc": [2, 1], "label": "6.16-7.0.2-2-4-8", "genus": 6, "signature": "[0,2,2,4,8]", "group": "[16,7]", "_id": {"$oid": "579bca4975d28e4971d3f4c9"}}, {"passport_label": "6.16-7.0.2-2-4-8.2", "gen_vectors": [[5, 6, 8, 7, 1, 2, 4, 3, 13, 14, 16, 15, 9, 10, 12, 11], [10, 9, 11, 12, 16, 15, 14, 13, 2, 1, 3, 4, 8, 7, 6, 5], [4, 3, 1, 2, 8, 7, 5, 6, 12, 11, 9, 10, 16, 15, 13, 14], [16, 15, 13, 14, 10, 9, 12, 11, 8, 7, 5, 6, 2, 1, 4, 3]], "total_label": "6.16-7.0.2-2-4-8.2.2", "cc": [2, 2], "label": "6.16-7.0.2-2-4-8", "genus": 6, "signature": "[0,2,2,4,8]", "group": "[16,7]", "_id": {"$oid": "579bca4a75d28e4971d3f4ca"}}]
[{"passport_label": "6.18-1.0.2-2-3-9.1", "gen_vectors": [[10, 12, 11, 18, 17, 16, 15, 14, 13, 1, 3, 2, 9, 8, 7, 6, 5, 4], [16, 18, 17, 13, 15, 14, 10, 12, 11, 7, 9, 8, 4, 6, 5, 1, 3, 2], [3, 1, 2, 6, 4, 5, 9, 7, 8, 12, 10, 11, 15, 13, 14, 18, 16, 17], [4, 5, 6, 7, 8, 9, 2, 3, 1, 13, 14, 15, 16, 17, 18, 11, 12, 10]], "total_label": "6.18-1.0.2-2-3-9.1.1", "cc": [1, 1], "label": "6.18-1.0.2-2-3-9", "genus": 6, "signature": "[0,2,2,3,9]", "group": "[18,1]", "_id": {"$oid": "579bca4e75d28e4971d3f4d3"}}, {"passport_label": "6.18-1.0.2-2-3-9.1", "gen_vectors": [[10, 12, 11, 18, 17, 16, 15, 14, 13, 1, 3, 2, 9, 8, 7, 6, 5, 4], [17, 16, 18, 14, 13, 15, 11, 10, 12, 8, 7, 9, 5, 4, 6, 2, 1, 3], [2, 3, 1, 5, 6, 4, 8, 9, 7, 11, 12, 10, 14, 15, 13, 17, 18, 16], [4, 5, 6, 7, 8, 9, 2, 3, 1, 13, 14, 15, 16, 17, 18, 11, 12, 10]], "total_label": "6.18-1.0.2-2-3-9.1.2", "cc": [1, 2], "label": "6.18-1.0.2-2-3-9", "genus": 6, "signature": "[0,2,2,3,9]", "group": "[18,1]", "_id": {"$oid": "579bca4f75d28e4971d3f4d4"}}, {"passport_label": "6.18-1.0.2-2-3-9.2", "gen_vectors": [[10, 12, 11, 18, 17, 16, 15, 14, 13, 1, 3, 2, 9, 8, 7, 6, 5, 4], [18, 17, 16, 15, 14, 13, 12, 11, 10, 9, 8, 7, 6, 5, 4, 3, 2, 1], [2, 3, 1, 5, 6, 4, 8, 9, 7, 11, 12, 10, 14, 15, 13, 17, 18, 16], [6, 4, 5, 9, 7, 8, 1, 2, 3, 15, 13, 14, 18, 16, 17, 10, 11, 12]], "total_label": "6.18-1.0.2-2-3-9.2.1", "cc": [2, 1], "label": "6.18-1.0.2-2-3-9", "genus": 6, "signature": "[0,2,2,3,9]", "group": "[18,1]", "_id": {"$oid": "579bca4f75d28e4971d3f4d5"}}, {"passport_label": "6.18-1.0.2-2-3-9.2", "gen_vectors": [[10, 12, 11, 18, 17, 16, 15, 14, 13, 1, 3, 2, 9, 8, 7, 6, 5, 4], [17, 16, 18, 14, 13, 15, 11, 10, 12, 8, 7, 9, 5, 4, 6, 2, 1, 3], [3, 1, 2, 6, 4, 5, 9, 7, 8, 12, 10, 11, 15, 13, 14, 18, 16, 17], [6, 4, 5, 9, 7, 8, 1, 2, 3, 15, 13, 14, 18, 16, 17, 10, 11, 12]], "total_label": "6.18-1.0.2-2-3-9.2.2", "cc": [2, 2], "label": "6.18-1.0.2-2-3-9", "genus": 6, "signature": "[0,2,2,3,9]", "group": "[18,1]", "_id": {"$oid": "579bca5075d28e4971d3f4d6"}}, {"passport_label": "6.18-1.0.2-2-3-9.3", "gen_vectors": [[10, 12, 11, 18, 17, 16, 15, 14, 13, 1, 3, 2, 9, 8, 7, 6, 5, 4], [16, 18, 17, 13, 15, 14, 10, 12, 11, 7, 9, 8, 4, 6, 5, 1, 3, 2], [2, 3, 1, 5, 6, 4, 8, 9, 7, 11, 12, 10, 14, 15, 13, 17, 18, 16], [5, 6, 4, 8, 9, 7, 3, 1, 2, 14, 15, 13, 17, 18, 16, 12, 10, 11]], "total_label": "6.18-1.0.2-2-3-9.3.1", "cc": [3, 1], "label": "6.18-1.0.2-2-3-9", "genus": 6, "signature": "[0,2,2,3,9]", "group": "[18,1]", "_id": {"$oid": "579bca5075d28e4971d3f4d7"}}, {"passport_label": "6.18-1.0.2-2-3-9.3", "gen_vectors": [[10, 12, 11, 18, 17, 16, 15, 14, 13, 1, 3, 2, 9, 8, 7, 6, 5, 4], [18, 17, 16, 15, 14, 13, 12, 11, 10, 9, 8, 7, 6, 5, 4, 3, 2, 1], [3, 1, 2, 6, 4, 5, 9, 7, 8, 12, 10, 11, 15, 13, 14, 18, 16, 17], [5, 6, 4, 8, 9, 7, 3, 1, 2, 14, 15, 13, 17, 18, 16, 12, 10, 11]], "total_label": "6.18-1.0.2-2-3-9.3.2", "cc": [3, 2], "label": "6.18-1.0.2-2-3-9", "genus": 6, "signature": "[0,2,2,3,9]", "group": "[18,1]", "_id": {"$oid": "579bca5175d28e4971d3f4d8"}}]
[{"passport_label": "6.28-3.0.2-2-2-7.1", "gen_vectors": [[8, 9, 10, 11, 12, 13, 14, 1, 2, 3, 4, 5, 6, 7, 22, 23, 24, 25, 26, 27, 28, 15, 16, 17, 18, 19, 20, 21], [15, 21, 20, 19, 18, 17, 16, 22, 28, 27, 26, 25, 24, 23, 1, 7, 6, 5, 4, 3, 2, 8, 14, 13, 12, 11, 10, 9], [28, 27, 26, 25, 24, 23, 22, 21, 20, 19, 18, 17, 16, 15, 14, 13, 12, 11, 10, 9, 8, 7, 6, 5, 4, 3, 2, 1], [2, 3, 4, 5, 6, 7, 1, 9, 10, 11, 12, 13, 14, 8, 16, 17, 18, 19, 20, 21, 15, 23, 24, 25, 26, 27, 28, 22]], "total_label": "6.28-3.0.2-2-2-7.1.1", "cc": [1, 1], "signature": "[0,2,2,2,7]", "label": "6.28-3.0.2-2-2-7", "genus": 6, "group": "[28,3]", "_id": {"$oid": "579bca6975d28e4971d3f508"}}, {"passport_label": "6.28-3.0.2-2-2-7.2", "gen_vectors": [[8, 9, 10, 11, 12, 13, 14, 1, 2, 3, 4, 5, 6, 7, 22, 23, 24, 25, 26, 27, 28, 15, 16, 17, 18, 19, 20, 21], [15, 21, 20, 19, 18, 17, 16, 22, 28, 27, 26, 25, 24, 23, 1, 7, 6, 5, 4, 3, 2, 8, 14, 13, 12, 11, 10, 9], [24, 23, 22, 28, 27, 26, 25, 17, 16, 15, 21, 20, 19, 18, 10, 9, 8, 14, 13, 12, 11, 3, 2, 1, 7, 6, 5, 4], [6, 7, 1, 2, 3, 4, 5, 13, 14, 8, 9, 10, 11, 12, 20, 21, 15, 16, 17, 18, 19, 27, 28, 22, 23, 24, 25, 26]], "total_label": "6.28-3.0.2-2-2-7.2.1", "cc": [2, 1], "signature": "[0,2,2,2,7]", "label": "6.28-3.0.2-2-2-7", "genus": 6, "group": "[28,3]", "_id": {"$oid": "579bca6975d28e4971d3f509"}}, {"passport_label": "6.28-3.0.2-2-2-7.3", "gen_vectors": [[8, 9, 10, 11, 12, 13, 14, 1, 2, 3, 4, 5, 6, 7, 22, 23, 24, 25, 26, 27, 28, 15, 16, 17, 18, 19, 20, 21], [15, 21, 20, 19, 18, 17, 16, 22, 28, 27, 26, 25, 24, 23, 1, 7, 6, 5, 4, 3, 2, 8, 14, 13, 12, 11, 10, 9], [26, 25, 24, 23, 22, 28, 27, 19, 18, 17, 16, 15, 21, 20, 12, 11, 10, 9, 8, 14, 13, 5, 4, 3, 2, 1, 7, 6], [4, 5, 6, 7, 1, 2, 3, 11, 12, 13, 14, 8, 9, 10, 18, 19, 20, 21, 15, 16, 17, 25, 26, 27, 28, 22, 23, 24]], "total_label": "6.28-3.0.2-2-2-7.3.1", "cc": [3, 1], "signature": "[0,2,2,2,7]", "label": "6.28-3.0.2-2-2-7", "genus": 6, "group": "[28,3]", "_id": {"$oid": "579bca6a75d28e4971d3f50a"}}]
[{"passport_label": "6.48-6.0.2-4-24.1", "gen_vectors": [[25, 27, 26, 28, 30, 29, 34, 36, 35, 31, 33, 32, 43, 45, 44, 46, 48, 47, 37, 39, 38, 40, 42, 41, 1, 3, 2, 4, 6, 5, 10, 12, 11, 7, 9, 8, 19, 21, 20, 22, 24, 23, 13, 15, 14, 16, 18, 17], [41, 40, 42, 38, 37, 39, 44, 43, 45, 47, 46, 48, 26, 25, 27, 29, 28, 30, 35, 34, 36, 32, 31, 33, 17, 16, 18, 14, 13, 15, 20, 19, 21, 23, 22, 24, 2, 1, 3, 5, 4, 6, 11, 10, 12, 8, 7, 9], [21, 19, 20, 24, 22, 23, 18, 16, 17, 15, 13, 14, 6, 4, 5, 3, 1, 2, 12, 10, 11, 9, 7, 8, 45, 43, 44, 48, 46, 47, 42, 40, 41, 39, 37, 38, 30, 28, 29, 27, 25, 26, 36, 34, 35, 33, 31, 32]], "total_label": "6.48-6.0.2-4-24.1.1", "cc": [1, 1], "signature": "[0,2,4,24]", "label": "6.48-6.0.2-4-24", "genus": 6, "group": "[48,6]", "_id": {"$oid": "579bca7175d28e4971d3f519"}}, {"passport_label": "6.48-6.0.2-4-24.2", "gen_vectors": [[25, 27, 26, 28, 30, 29, 34, 36, 35, 31, 33, 32, 43, 45, 44, 46, 48, 47, 37, 39, 38, 40, 42, 41, 1, 3, 2, 4, 6, 5, 10, 12, 11, 7, 9, 8, 19, 21, 20, 22, 24, 23, 13, 15, 14, 16, 18, 17], [39, 38, 37, 42, 41, 40, 48, 47, 46, 45, 44, 43, 30, 29, 28, 27, 26, 25, 33, 32, 31, 36, 35, 34, 15, 14, 13, 18, 17, 16, 24, 23, 22, 21, 20, 19, 6, 5, 4, 3, 2, 1, 9, 8, 7, 12, 11, 10], [23, 24, 22, 20, 21, 19, 14, 15, 13, 17, 18, 16, 2, 3, 1, 5, 6, 4, 8, 9, 7, 11, 12, 10, 47, 48, 46, 44, 45, 43, 38, 39, 37, 41, 42, 40, 26, 27, 25, 29, 30, 28, 32, 33, 31, 35, 36, 34]], "total_label": "6.48-6.0.2-4-24.2.1", "cc": [2, 1], "signature": "[0,2,4,24]", "label": "6.48-6.0.2-4-24", "genus": 6, "group": "[48,6]", "_id": {"$oid": "579bca7275d28e4971d3f51a"}}, {"passport_label": "6.48-6.0.2-4-24.3", "gen_vectors": [[25, 27, 26, 28, 30, 29, 34, 36, 35, 31, 33, 32, 43, 45, 44, 46, 48, 47, 37, 39, 38, 40, 42, 41, 1, 3, 2, 4, 6, 5, 10, 12, 11, 7, 9, 8, 19, 21, 20, 22, 24, 23, 13, 15, 14, 16, 18, 17], [38, 37, 39, 41, 40, 42, 47, 46, 48, 44, 43, 45, 29, 28, 30, 26, 25, 27, 32, 31, 33, 35, 34, 36, 14, 13, 15, 17, 16, 18, 23, 22, 24, 20, 19, 21, 5, 4, 6, 2, 1, 3, 8, 7, 9, 11, 10, 12], [24, 22, 23, 21, 19, 20, 15, 13, 14, 18, 16, 17, 3, 1, 2, 6, 4, 5, 9, 7, 8, 12, 10, 11, 48, 46, 47, 45, 43, 44, 39, 37, 38, 42, 40, 41, 27, 25, 26, 30, 28, 29, 33, 31, 32, 36, 34, 35]], "total_label": "6.48-6.0.2-4-24.3.1", "cc": [3, 1], "signature": "[0,2,4,24]", "label": "6.48-6.0.2-4-24", "genus": 6, "group": "[48,6]", "_id": {"$oid": "579bca7275d28e4971d3f51b"}}, {"passport_label": "6.48-6.0.2-4-24.4", "gen_vectors": [[25, 27, 26, 28, 30, 29, 34, 36, 35, 31, 33, 32, 43, 45, 44, 46, 48, 47, 37, 39, 38, 40, 42, 41, 1, 3, 2, 4, 6, 5, 10, 12, 11, 7, 9, 8, 19, 21, 20, 22, 24, 23, 13, 15, 14, 16, 18, 17], [42, 41, 40, 39, 38, 37, 45, 44, 43, 48, 47, 46, 27, 26, 25, 30, 29, 28, 36, 35, 34, 33, 32, 31, 18, 17, 16, 15, 14, 13, 21, 20, 19, 24, 23, 22, 3, 2, 1, 6, 5, 4, 12, 11, 10, 9, 8, 7], [20, 21, 19, 23, 24, 22, 17, 18, 16, 14, 15, 13, 5, 6, 4, 2, 3, 1, 11, 12, 10, 8, 9, 7, 44, 45, 43, 47, 48, 46, 41, 42, 40, 38, 39, 37, 29, 30, 28, 26, 27, 25, 35, 36, 34, 32, 33, 31]], "total_label": "6.48-6.0.2-4-24.4.1", "cc": [4, 1], "signature": "[0,2,4,24]", "label": "6.48-6.0.2-4-24", "genus": 6, "group": "[48,6]", "_id": {"$oid": "579bca7375d28e4971d3f51c"}}]
[{"passport_label": "6.24-10.0.4-6-6.1", "gen_vectors": [[19, 20, 21, 22, 23, 24, 14, 13, 16, 15, 18, 17, 7, 8, 9, 10, 11, 12, 2, 1, 4, 3, 6, 5], [9, 10, 11, 12, 7, 8, 3, 4, 5, 6, 1, 2, 21, 22, 23, 24, 19, 20, 15, 16, 17, 18, 13, 14], [17, 18, 13, 14, 15, 16, 24, 23, 20, 19, 22, 21, 5, 6, 1, 2, 3, 4, 12, 11, 8, 7, 10, 9]], "total_label": "6.24-10.0.4-6-6.1.1", "cc": [1, 1], "label": "6.24-10.0.4-6-6", "genus": 6, "signature": "[0,4,6,6]", "group": "[24,10]", "_id": {"$oid": "579bca9b75d28e4971d3f56e"}}, {"passport_label": "6.24-10.0.4-6-6.2", "gen_vectors": [[19, 20, 21, 22, 23, 24, 14, 13, 16, 15, 18, 17, 7, 8, 9, 10, 11, 12, 2, 1, 4, 3, 6, 5], [11, 12, 7, 8, 9, 10, 5, 6, 1, 2, 3, 4, 23, 24, 19, 20, 21, 22, 17, 18, 13, 14, 15, 16], [15, 16, 17, 18, 13, 14, 22, 21, 24, 23, 20, 19, 3, 4, 5, 6, 1, 2, 10, 9, 12, 11, 8, 7]], "total_label": "6.24-10.0.4-6-6.2.1", "cc": [2, 1], "label": "6.24-10.0.4-6-6", "genus": 6, "signature": "[0,4,6,6]", "group": "[24,10]", "_id": {"$oid": "579bca9c75d28e4971d3f56f"}}]
[{"passport_label": "6.12-1.0.3-3-4-4.1", "gen_vectors": [[2, 3, 1, 5, 6, 4, 8, 9, 7, 11, 12, 10], [2, 3, 1, 5, 6, 4, 8, 9, 7, 11, 12, 10], [7, 9, 8, 10, 12, 11, 4, 6, 5, 1, 3, 2], [11, 10, 12, 8, 7, 9, 2, 1, 3, 5, 4, 6]], "total_label": "6.12-1.0.3-3-4-4.1.1", "cc": [1, 1], "label": "6.12-1.0.3-3-4-4", "genus": 6, "signature": "[0,3,3,4,4]", "group": "[12,1]", "_id": {"$oid": "579bca8775d28e4971d3f545"}}, {"passport_label": "6.12-1.0.3-3-4-4.1", "gen_vectors": [[2, 3, 1, 5, 6, 4, 8, 9, 7, 11, 12, 10], [3, 1, 2, 6, 4, 5, 9, 7, 8, 12, 10, 11], [7, 9, 8, 10, 12, 11, 4, 6, 5, 1, 3, 2], [10, 12, 11, 7, 9, 8, 1, 3, 2, 4, 6, 5]], "total_label": "6.12-1.0.3-3-4-4.1.2", "cc": [1, 2], "label": "6.12-1.0.3-3-4-4", "genus": 6, "signature": "[0,3,3,4,4]", "group": "[12,1]", "_id": {"$oid": "579bca8775d28e4971d3f546"}}]
[{"passport_label": "6.28-1.0.4-4-7.1", "gen_vectors": [[15, 21, 20, 19, 18, 17, 16, 22, 28, 27, 26, 25, 24, 23, 8, 14, 13, 12, 11, 10, 9, 1, 7, 6, 5, 4, 3, 2], [28, 27, 26, 25, 24, 23, 22, 21, 20, 19, 18, 17, 16, 15, 7, 6, 5, 4, 3, 2, 1, 14, 13, 12, 11, 10, 9, 8], [2, 3, 4, 5, 6, 7, 1, 9, 10, 11, 12, 13, 14, 8, 16, 17, 18, 19, 20, 21, 15, 23, 24, 25, 26, 27, 28, 22]], "total_label": "6.28-1.0.4-4-7.1.1", "cc": [1, 1], "label": "6.28-1.0.4-4-7", "genus": 6, "signature": "[0,4,4,7]", "group": "[28,1]", "_id": {"$oid": "579bcac975d28e4971d3f5c8"}}, {"passport_label": "6.28-1.0.4-4-7.2", "gen_vectors": [[15, 21, 20, 19, 18, 17, 16, 22, 28, 27, 26, 25, 24, 23, 8, 14, 13, 12, 11, 10, 9, 1, 7, 6, 5, 4, 3, 2], [24, 23, 22, 28, 27, 26, 25, 17, 16, 15, 21, 20, 19, 18, 3, 2, 1, 7, 6, 5, 4, 10, 9, 8, 14, 13, 12, 11], [6, 7, 1, 2, 3, 4, 5, 13, 14, 8, 9, 10, 11, 12, 20, 21, 15, 16, 17, 18, 19, 27, 28, 22, 23, 24, 25, 26]], "total_label": "6.28-1.0.4-4-7.2.1", "cc": [2, 1], "label": "6.28-1.0.4-4-7", "genus": 6, "signature": "[0,4,4,7]", "group": "[28,1]", "_id": {"$oid": "579bcaca75d28e4971d3f5c9"}}, {"passport_label": "6.28-1.0.4-4-7.3", "gen_vectors": [[15, 21, 20, 19, 18, 17, 16, 22, 28, 27, 26, 25, 24, 23, 8, 14, 13, 12, 11, 10, 9, 1, 7, 6, 5, 4, 3, 2], [26, 25, 24, 23, 22, 28, 27, 19, 18, 17, 16, 15, 21, 20, 5, 4, 3, 2, 1, 7, 6, 12, 11, 10, 9, 8, 14, 13], [4, 5, 6, 7, 1, 2, 3, 11, 12, 13, 14, 8, 9, 10, 18, 19, 20, 21, 15, 16, 17, 25, 26, 27, 28, 22, 23, 24]], "total_label": "6.28-1.0.4-4-7.3.1", "cc": [3, 1], "label": "6.28-1.0.4-4-7", "genus": 6, "signature": "[0,4,4,7]", "group": "[28,1]", "_id": {"$oid": "579bcaca75d28e4971d3f5ca"}}]
[{"passport_label": "6.50-3.0.2-5-10.1", "gen_vectors": [[26, 30, 29, 28, 27, 31, 35, 34, 33, 32, 36, 40, 39, 38, 37, 41, 45, 44, 43, 42, 46, 50, 49, 48, 47, 1, 5, 4, 3, 2, 6, 10, 9, 8, 7, 11, 15, 14, 13, 12, 16, 20, 19, 18, 17, 21, 25, 24, 23, 22], [7, 8, 9, 10, 6, 12, 13, 14, 15, 11, 17, 18, 19, 20, 16, 22, 23, 24, 25, 21, 2, 3, 4, 5, 1, 32, 33, 34, 35, 31, 37, 38, 39, 40, 36, 42, 43, 44, 45, 41, 47, 48, 49, 50, 46, 27, 28, 29, 30, 26], [47, 46, 50, 49, 48, 27, 26, 30, 29, 28, 32, 31, 35, 34, 33, 37, 36, 40, 39, 38, 42, 41, 45, 44, 43, 22, 21, 25, 24, 23, 2, 1, 5, 4, 3, 7, 6, 10, 9, 8, 12, 11, 15, 14, 13, 17, 16, 20, 19, 18]], "total_label": "6.50-3.0.2-5-10.1.1", "cc": [1, 1], "label": "6.50-3.0.2-5-10", "genus": 6, "signature": "[0,2,5,10]", "group": "[50,3]", "_id": {"$oid": "579bcae775d28e4971d3f603"}}, {"passport_label": "6.50-3.0.2-5-10.2", "gen_vectors": [[26, 30, 29, 28, 27, 31, 35, 34, 33, 32, 36, 40, 39, 38, 37, 41, 45, 44, 43, 42, 46, 50, 49, 48, 47, 1, 5, 4, 3, 2, 6, 10, 9, 8, 7, 11, 15, 14, 13, 12, 16, 20, 19, 18, 17, 21, 25, 24, 23, 22], [13, 14, 15, 11, 12, 18, 19, 20, 16, 17, 23, 24, 25, 21, 22, 3, 4, 5, 1, 2, 8, 9, 10, 6, 7, 38, 39, 40, 36, 37, 43, 44, 45, 41, 42, 48, 49, 50, 46, 47, 28, 29, 30, 26, 27, 33, 34, 35, 31, 32], [43, 42, 41, 45, 44, 48, 47, 46, 50, 49, 28, 27, 26, 30, 29, 33, 32, 31, 35, 34, 38, 37, 36, 40, 39, 18, 17, 16, 20, 19, 23, 22, 21, 25, 24, 3, 2, 1, 5, 4, 8, 7, 6, 10, 9, 13, 12, 11, 15, 14]], "total_label": "6.50-3.0.2-5-10.2.1", "cc": [2, 1], "label": "6.50-3.0.2-5-10", "genus": 6, "signature": "[0,2,5,10]", "group": "[50,3]", "_id": {"$oid": "579bcae875d28e4971d3f604"}}, {"passport_label": "6.50-3.0.2-5-10.3", "gen_vectors": [[26, 30, 29, 28, 27, 31, 35, 34, 33, 32, 36, 40, 39, 38, 37, 41, 45, 44, 43, 42, 46, 50, 49, 48, 47, 1, 5, 4, 3, 2, 6, 10, 9, 8, 7, 11, 15, 14, 13, 12, 16, 20, 19, 18, 17, 21, 25, 24, 23, 22], [19, 20, 16, 17, 18, 24, 25, 21, 22, 23, 4, 5, 1, 2, 3, 9, 10, 6, 7, 8, 14, 15, 11, 12, 13, 44, 45, 41, 42, 43, 49, 50, 46, 47, 48, 29, 30, 26, 27, 28, 34, 35, 31, 32, 33, 39, 40, 36, 37, 38], [39, 38, 37, 36, 40, 44, 43, 42, 41, 45, 49, 48, 47, 46, 50, 29, 28, 27, 26, 30, 34, 33, 32, 31, 35, 14, 13, 12, 11, 15, 19, 18, 17, 16, 20, 24, 23, 22, 21, 25, 4, 3, 2, 1, 5, 9, 8, 7, 6, 10]], "total_label": "6.50-3.0.2-5-10.3.1", "cc": [3, 1], "label": "6.50-3.0.2-5-10", "genus": 6, "signature": "[0,2,5,10]", "group": "[50,3]", "_id": {"$oid": "579bcae875d28e4971d3f605"}}, {"passport_label": "6.50-3.0.2-5-10.4", "gen_vectors": [[26, 30, 29, 28, 27, 31, 35, 34, 33, 32, 36, 40, 39, 38, 37, 41, 45, 44, 43, 42, 46, 50, 49, 48, 47, 1, 5, 4, 3, 2, 6, 10, 9, 8, 7, 11, 15, 14, 13, 12, 16, 20, 19, 18, 17, 21, 25, 24, 23, 22], [25, 21, 22, 23, 24, 5, 1, 2, 3, 4, 10, 6, 7, 8, 9, 15, 11, 12, 13, 14, 20, 16, 17, 18, 19, 50, 46, 47, 48, 49, 30, 26, 27, 28, 29, 35, 31, 32, 33, 34, 40, 36, 37, 38, 39, 45, 41, 42, 43, 44], [35, 34, 33, 32, 31, 40, 39, 38, 37, 36, 45, 44, 43, 42, 41, 50, 49, 48, 47, 46, 30, 29, 28, 27, 26, 10, 9, 8, 7, 6, 15, 14, 13, 12, 11, 20, 19, 18, 17, 16, 25, 24, 23, 22, 21, 5, 4, 3, 2, 1]], "total_label": "6.50-3.0.2-5-10.4.1", "cc": [4, 1], "label": "6.50-3.0.2-5-10", "genus": 6, "signature": "[0,2,5,10]", "group": "[50,3]", "_id": {"$oid": "579bcae975d28e4971d3f606"}}, {"passport_label": "6.50-3.0.2-5-10.5", "gen_vectors": [[26, 30, 29, 28, 27, 31, 35, 34, 33, 32, 36, 40, 39, 38, 37, 41, 45, 44, 43, 42, 46, 50, 49, 48, 47, 1, 5, 4, 3, 2, 6, 10, 9, 8, 7, 11, 15, 14, 13, 12, 16, 20, 19, 18, 17, 21, 25, 24, 23, 22], [8, 9, 10, 6, 7, 13, 14, 15, 11, 12, 18, 19, 20, 16, 17, 23, 24, 25, 21, 22, 3, 4, 5, 1, 2, 33, 34, 35, 31, 32, 38, 39, 40, 36, 37, 43, 44, 45, 41, 42, 48, 49, 50, 46, 47, 28, 29, 30, 26, 27], [48, 47, 46, 50, 49, 28, 27, 26, 30, 29, 33, 32, 31, 35, 34, 38, 37, 36, 40, 39, 43, 42, 41, 45, 44, 23, 22, 21, 25, 24, 3, 2, 1, 5, 4, 8, 7, 6, 10, 9, 13, 12, 11, 15, 14, 18, 17, 16, 20, 19]], "total_label": "6.50-3.0.2-5-10.5.1", "cc": [5, 1], "label": "6.50-3.0.2-5-10", "genus": 6, "signature": "[0,2,5,10]", "group": "[50,3]", "_id": {"$oid": "579bcae975d28e4971d3f607"}}, {"passport_label": "6.50-3.0.2-5-10.6", "gen_vectors": [[26, 30, 29, 28, 27, 31, 35, 34, 33, 32, 36, 40, 39, 38, 37, 41, 45, 44, 43, 42, 46, 50, 49, 48, 47, 1, 5, 4, 3, 2, 6, 10, 9, 8, 7, 11, 15, 14, 13, 12, 16, 20, 19, 18, 17, 21, 25, 24, 23, 22], [15, 11, 12, 13, 14, 20, 16, 17, 18, 19, 25, 21, 22, 23, 24, 5, 1, 2, 3, 4, 10, 6, 7, 8, 9, 40, 36, 37, 38, 39, 45, 41, 42, 43, 44, 50, 46, 47, 48, 49, 30, 26, 27, 28, 29, 35, 31, 32, 33, 34], [45, 44, 43, 42, 41, 50, 49, 48, 47, 46, 30, 29, 28, 27, 26, 35, 34, 33, 32, 31, 40, 39, 38, 37, 36, 20, 19, 18, 17, 16, 25, 24, 23, 22, 21, 5, 4, 3, 2, 1, 10, 9, 8, 7, 6, 15, 14, 13, 12, 11]], "total_label": "6.50-3.0.2-5-10.6.1", "cc": [6, 1], "label": "6.50-3.0.2-5-10", "genus": 6, "signature": "[0,2,5,10]", "group": "[50,3]", "_id": {"$oid": "579bcaea75d28e4971d3f608"}}, {"passport_label": "6.50-3.0.2-5-10.7", "gen_vectors": [[26, 30, 29, 28, 27, 31, 35, 34, 33, 32, 36, 40, 39, 38, 37, 41, 45, 44, 43, 42, 46, 50, 49, 48, 47, 1, 5, 4, 3, 2, 6, 10, 9, 8, 7, 11, 15, 14, 13, 12, 16, 20, 19, 18, 17, 21, 25, 24, 23, 22], [17, 18, 19, 20, 16, 22, 23, 24, 25, 21, 2, 3, 4, 5, 1, 7, 8, 9, 10, 6, 12, 13, 14, 15, 11, 42, 43, 44, 45, 41, 47, 48, 49, 50, 46, 27, 28, 29, 30, 26, 32, 33, 34, 35, 31, 37, 38, 39, 40, 36], [37, 36, 40, 39, 38, 42, 41, 45, 44, 43, 47, 46, 50, 49, 48, 27, 26, 30, 29, 28, 32, 31, 35, 34, 33, 12, 11, 15, 14, 13, 17, 16, 20, 19, 18, 22, 21, 25, 24, 23, 2, 1, 5, 4, 3, 7, 6, 10, 9, 8]], "total_label": "6.50-3.0.2-5-10.7.1", "cc": [7, 1], "label": "6.50-3.0.2-5-10", "genus": 6, "signature": "[0,2,5,10]", "group": "[50,3]", "_id": {"$oid": "579bcaea75d28e4971d3f609"}}, {"passport_label": "6.50-3.0.2-5-10.8", "gen_vectors": [[26, 30, 29, 28, 27, 31, 35, 34, 33, 32, 36, 40, 39, 38, 37, 41, 45, 44, 43, 42, 46, 50, 49, 48, 47, 1, 5, 4, 3, 2, 6, 10, 9, 8, 7, 11, 15, 14, 13, 12, 16, 20, 19, 18, 17, 21, 25, 24, 23, 22], [24, 25, 21, 22, 23, 4, 5, 1, 2, 3, 9, 10, 6, 7, 8, 14, 15, 11, 12, 13, 19, 20, 16, 17, 18, 49, 50, 46, 47, 48, 29, 30, 26, 27, 28, 34, 35, 31, 32, 33, 39, 40, 36, 37, 38, 44, 45, 41, 42, 43], [34, 33, 32, 31, 35, 39, 38, 37, 36, 40, 44, 43, 42, 41, 45, 49, 48, 47, 46, 50, 29, 28, 27, 26, 30, 9, 8, 7, 6, 10, 14, 13, 12, 11, 15, 19, 18, 17, 16, 20, 24, 23, 22, 21, 25, 4, 3, 2, 1, 5]], "total_label": "6.50-3.0.2-5-10.8.1", "cc": [8, 1], "label": "6.50-3.0.2-5-10", "genus": 6, "signature": "[0,2,5,10]", "group": "[50,3]", "_id": {"$oid": "579bcaeb75d28e4971d3f60a"}}]
[{"passport_label": "6.150-5.0.2-3-10.1", "gen_vectors": [[76, 100, 94, 88, 82, 81, 80, 99, 93, 87, 86, 85, 79, 98, 92, 91, 90, 84, 78, 97, 96, 95, 89, 83, 77, 126, 150, 144, 138, 132, 131, 130, 149, 143, 137, 136, 135, 129, 148, 142, 141, 140, 134, 128, 147, 146, 145, 139, 133, 127, 101, 125, 119, 113, 107, 106, 105, 124, 118, 112, 111, 110, 104, 123, 117, 116, 115, 109, 103, 122, 121, 120, 114, 108, 102, 1, 25, 19, 13, 7, 6, 5, 24, 18, 12, 11, 10, 4, 23, 17, 16, 15, 9, 3, 22, 21, 20, 14, 8, 2, 51, 75, 69, 63, 57, 56, 55, 74, 68, 62, 61, 60, 54, 73, 67, 66, 65, 59, 53, 72, 71, 70, 64, 58, 52, 26, 50, 44, 38, 32, 31, 30, 49, 43, 37, 36, 35, 29, 48, 42, 41, 40, 34, 28, 47, 46, 45, 39, 33, 27], [48, 41, 39, 32, 30, 26, 49, 42, 40, 33, 34, 27, 50, 43, 36, 37, 35, 28, 46, 44, 45, 38, 31, 29, 47, 73, 66, 64, 57, 55, 51, 74, 67, 65, 58, 59, 52, 75, 68, 61, 62, 60, 53, 71, 69, 70, 63, 56, 54, 72, 23, 16, 14, 7, 5, 1, 24, 17, 15, 8, 9, 2, 25, 18, 11, 12, 10, 3, 21, 19, 20, 13, 6, 4, 22, 123, 116, 114, 107, 105, 101, 124, 117, 115, 108, 109, 102, 125, 118, 111, 112, 110, 103, 121, 119, 120, 113, 106, 104, 122, 148, 141, 139, 132, 130, 126, 149, 142, 140, 133, 134, 127, 150, 143, 136, 137, 135, 128, 146, 144, 145, 138, 131, 129, 147, 98, 91, 89, 82, 80, 76, 99, 92, 90, 83, 84, 77, 100, 93, 86, 87, 85, 78, 96, 94, 95, 88, 81, 79, 97], [106, 110, 109, 108, 107, 114, 113, 112, 111, 115, 117, 116, 120, 119, 118, 125, 124, 123, 122, 121, 103, 102, 101, 105, 104, 81, 85, 84, 83, 82, 89, 88, 87, 86, 90, 92, 91, 95, 94, 93, 100, 99, 98, 97, 96, 78, 77, 76, 80, 79, 131, 135, 134, 133, 132, 139, 138, 137, 136, 140, 142, 141, 145, 144, 143, 150, 149, 148, 147, 146, 128, 127, 126, 130, 129, 31, 35, 34, 33, 32, 39, 38, 37, 36, 40, 42, 41, 45, 44, 43, 50, 49, 48, 47, 46, 28, 27, 26, 30, 29, 6, 10, 9, 8, 7, 14, 13, 12, 11, 15, 17, 16, 20, 19, 18, 25, 24, 23, 22, 21, 3, 2, 1, 5, 4, 56, 60, 59, 58, 57, 64, 63, 62, 61, 65, 67, 66, 70, 69, 68, 75, 74, 73, 72, 71, 53, 52, 51, 55, 54]], "total_label": "6.150-5.0.2-3-10.1.1", "cc": [1, 1], "label": "6.150-5.0.2-3-10", "genus": 6, "signature": "[0,2,3,10]", "group": "[150,5]", "_id": {"$oid": "579bca8175d28e4971d3f539"}}, {"passport_label": "6.150-5.0.2-3-10.2", "gen_vectors": [[76, 100, 94, 88, 82, 81, 80, 99, 93, 87, 86, 85, 79, 98, 92, 91, 90, 84, 78, 97, 96, 95, 89, 83, 77, 126, 150, 144, 138, 132, 131, 130, 149, 143, 137, 136, 135, 129, 148, 142, 141, 140, 134, 128, 147, 146, 145, 139, 133, 127, 101, 125, 119, 113, 107, 106, 105, 124, 118, 112, 111, 110, 104, 123, 117, 116, 115, 109, 103, 122, 121, 120, 114, 108, 102, 1, 25, 19, 13, 7, 6, 5, 24, 18, 12, 11, 10, 4, 23, 17, 16, 15, 9, 3, 22, 21, 20, 14, 8, 2, 51, 75, 69, 63, 57, 56, 55, 74, 68, 62, 61, 60, 54, 73, 67, 66, 65, 59, 53, 72, 71, 70, 64, 58, 52, 26, 50, 44, 38, 32, 31, 30, 49, 43, 37, 36, 35, 29, 48, 42, 41, 40, 34, 28, 47, 46, 45, 39, 33, 27], [40, 33, 26, 49, 42, 43, 36, 34, 27, 50, 46, 44, 37, 35, 28, 29, 47, 45, 38, 31, 32, 30, 48, 41, 39, 65, 58, 51, 74, 67, 68, 61, 59, 52, 75, 71, 69, 62, 60, 53, 54, 72, 70, 63, 56, 57, 55, 73, 66, 64, 15, 8, 1, 24, 17, 18, 11, 9, 2, 25, 21, 19, 12, 10, 3, 4, 22, 20, 13, 6, 7, 5, 23, 16, 14, 115, 108, 101, 124, 117, 118, 111, 109, 102, 125, 121, 119, 112, 110, 103, 104, 122, 120, 113, 106, 107, 105, 123, 116, 114, 140, 133, 126, 149, 142, 143, 136, 134, 127, 150, 146, 144, 137, 135, 128, 129, 147, 145, 138, 131, 132, 130, 148, 141, 139, 90, 83, 76, 99, 92, 93, 86, 84, 77, 100, 96, 94, 87, 85, 78, 79, 97, 95, 88, 81, 82, 80, 98, 91, 89], [119, 118, 117, 116, 120, 122, 121, 125, 124, 123, 105, 104, 103, 102, 101, 108, 107, 106, 110, 109, 111, 115, 114, 113, 112, 94, 93, 92, 91, 95, 97, 96, 100, 99, 98, 80, 79, 78, 77, 76, 83, 82, 81, 85, 84, 86, 90, 89, 88, 87, 144, 143, 142, 141, 145, 147, 146, 150, 149, 148, 130, 129, 128, 127, 126, 133, 132, 131, 135, 134, 136, 140, 139, 138, 137, 44, 43, 42, 41, 45, 47, 46, 50, 49, 48, 30, 29, 28, 27, 26, 33, 32, 31, 35, 34, 36, 40, 39, 38, 37, 19, 18, 17, 16, 20, 22, 21, 25, 24, 23, 5, 4, 3, 2, 1, 8, 7, 6, 10, 9, 11, 15, 14, 13, 12, 69, 68, 67, 66, 70, 72, 71, 75, 74, 73, 55, 54, 53, 52, 51, 58, 57, 56, 60, 59, 61, 65, 64, 63, 62]], "total_label": "6.150-5.0.2-3-10.2.1", "cc": [2, 1], "label": "6.150-5.0.2-3-10", "genus": 6, "signature": "[0,2,3,10]", "group": "[150,5]", "_id": {"$oid": "579bca8175d28e4971d3f53a"}}, {"passport_label": "6.150-5.0.2-3-10.3", "gen_vectors": [[76, 100, 94, 88, 82, 81, 80, 99, 93, 87, 86, 85, 79, 98, 92, 91, 90, 84, 78, 97, 96, 95, 89, 83, 77, 126, 150, 144, 138, 132, 131, 130, 149, 143, 137, 136, 135, 129, 148, 142, 141, 140, 134, 128, 147, 146, 145, 139, 133, 127, 101, 125, 119, 113, 107, 106, 105, 124, 118, 112, 111, 110, 104, 123, 117, 116, 115, 109, 103, 122, 121, 120, 114, 108, 102, 1, 25, 19, 13, 7, 6, 5, 24, 18, 12, 11, 10, 4, 23, 17, 16, 15, 9, 3, 22, 21, 20, 14, 8, 2, 51, 75, 69, 63, 57, 56, 55, 74, 68, 62, 61, 60, 54, 73, 67, 66, 65, 59, 53, 72, 71, 70, 64, 58, 52, 26, 50, 44, 38, 32, 31, 30, 49, 43, 37, 36, 35, 29, 48, 42, 41, 40, 34, 28, 47, 46, 45, 39, 33, 27], [45, 38, 31, 29, 47, 48, 41, 39, 32, 30, 26, 49, 42, 40, 33, 34, 27, 50, 43, 36, 37, 35, 28, 46, 44, 70, 63, 56, 54, 72, 73, 66, 64, 57, 55, 51, 74, 67, 65, 58, 59, 52, 75, 68, 61, 62, 60, 53, 71, 69, 20, 13, 6, 4, 22, 23, 16, 14, 7, 5, 1, 24, 17, 15, 8, 9, 2, 25, 18, 11, 12, 10, 3, 21, 19, 120, 113, 106, 104, 122, 123, 116, 114, 107, 105, 101, 124, 117, 115, 108, 109, 102, 125, 118, 111, 112, 110, 103, 121, 119, 145, 138, 131, 129, 147, 148, 141, 139, 132, 130, 126, 149, 142, 140, 133, 134, 127, 150, 143, 136, 137, 135, 128, 146, 144, 95, 88, 81, 79, 97, 98, 91, 89, 82, 80, 76, 99, 92, 90, 83, 84, 77, 100, 93, 86, 87, 85, 78, 96, 94], [111, 115, 114, 113, 112, 119, 118, 117, 116, 120, 122, 121, 125, 124, 123, 105, 104, 103, 102, 101, 108, 107, 106, 110, 109, 86, 90, 89, 88, 87, 94, 93, 92, 91, 95, 97, 96, 100, 99, 98, 80, 79, 78, 77, 76, 83, 82, 81, 85, 84, 136, 140, 139, 138, 137, 144, 143, 142, 141, 145, 147, 146, 150, 149, 148, 130, 129, 128, 127, 126, 133, 132, 131, 135, 134, 36, 40, 39, 38, 37, 44, 43, 42, 41, 45, 47, 46, 50, 49, 48, 30, 29, 28, 27, 26, 33, 32, 31, 35, 34, 11, 15, 14, 13, 12, 19, 18, 17, 16, 20, 22, 21, 25, 24, 23, 5, 4, 3, 2, 1, 8, 7, 6, 10, 9, 61, 65, 64, 63, 62, 69, 68, 67, 66, 70, 72, 71, 75, 74, 73, 55, 54, 53, 52, 51, 58, 57, 56, 60, 59]], "total_label": "6.150-5.0.2-3-10.3.1", "cc": [3, 1], "label": "6.150-5.0.2-3-10", "genus": 6, "signature": "[0,2,3,10]", "group": "[150,5]", "_id": {"$oid": "579bca8175d28e4971d3f53b"}}, {"passport_label": "6.150-5.0.2-3-10.4", "gen_vectors": [[76, 100, 94, 88, 82, 81, 80, 99, 93, 87, 86, 85, 79, 98, 92, 91, 90, 84, 78, 97, 96, 95, 89, 83, 77, 126, 150, 144, 138, 132, 131, 130, 149, 143, 137, 136, 135, 129, 148, 142, 141, 140, 134, 128, 147, 146, 145, 139, 133, 127, 101, 125, 119, 113, 107, 106, 105, 124, 118, 112, 111, 110, 104, 123, 117, 116, 115, 109, 103, 122, 121, 120, 114, 108, 102, 1, 25, 19, 13, 7, 6, 5, 24, 18, 12, 11, 10, 4, 23, 17, 16, 15, 9, 3, 22, 21, 20, 14, 8, 2, 51, 75, 69, 63, 57, 56, 55, 74, 68, 62, 61, 60, 54, 73, 67, 66, 65, 59, 53, 72, 71, 70, 64, 58, 52, 26, 50, 44, 38, 32, 31, 30, 49, 43, 37, 36, 35, 29, 48, 42, 41, 40, 34, 28, 47, 46, 45, 39, 33, 27], [32, 30, 48, 41, 39, 40, 33, 26, 49, 42, 43, 36, 34, 27, 50, 46, 44, 37, 35, 28, 29, 47, 45, 38, 31, 57, 55, 73, 66, 64, 65, 58, 51, 74, 67, 68, 61, 59, 52, 75, 71, 69, 62, 60, 53, 54, 72, 70, 63, 56, 7, 5, 23, 16, 14, 15, 8, 1, 24, 17, 18, 11, 9, 2, 25, 21, 19, 12, 10, 3, 4, 22, 20, 13, 6, 107, 105, 123, 116, 114, 115, 108, 101, 124, 117, 118, 111, 109, 102, 125, 121, 119, 112, 110, 103, 104, 122, 120, 113, 106, 132, 130, 148, 141, 139, 140, 133, 126, 149, 142, 143, 136, 134, 127, 150, 146, 144, 137, 135, 128, 129, 147, 145, 138, 131, 82, 80, 98, 91, 89, 90, 83, 76, 99, 92, 93, 86, 84, 77, 100, 96, 94, 87, 85, 78, 79, 97, 95, 88, 81], [124, 123, 122, 121, 125, 102, 101, 105, 104, 103, 110, 109, 108, 107, 106, 113, 112, 111, 115, 114, 116, 120, 119, 118, 117, 99, 98, 97, 96, 100, 77, 76, 80, 79, 78, 85, 84, 83, 82, 81, 88, 87, 86, 90, 89, 91, 95, 94, 93, 92, 149, 148, 147, 146, 150, 127, 126, 130, 129, 128, 135, 134, 133, 132, 131, 138, 137, 136, 140, 139, 141, 145, 144, 143, 142, 49, 48, 47, 46, 50, 27, 26, 30, 29, 28, 35, 34, 33, 32, 31, 38, 37, 36, 40, 39, 41, 45, 44, 43, 42, 24, 23, 22, 21, 25, 2, 1, 5, 4, 3, 10, 9, 8, 7, 6, 13, 12, 11, 15, 14, 16, 20, 19, 18, 17, 74, 73, 72, 71, 75, 52, 51, 55, 54, 53, 60, 59, 58, 57, 56, 63, 62, 61, 65, 64, 66, 70, 69, 68, 67]], "total_label": "6.150-5.0.2-3-10.4.1", "cc": [4, 1], "label": "6.150-5.0.2-3-10", "genus": 6, "signature": "[0,2,3,10]", "group": "[150,5]", "_id": {"$oid": "579bca8275d28e4971d3f53c"}}]
[{"passport_label": "7.4-1.0.2-2-2-2-4-4-4-4.1", "gen_vectors": [[2, 1, 4, 3], [2, 1, 4, 3], [2, 1, 4, 3], [2, 1, 4, 3], [3, 4, 2, 1], [3, 4, 2, 1], [3, 4, 2, 1], [3, 4, 2, 1]], "total_label": "7.4-1.0.2-2-2-2-4-4-4-4.1.1", "cc": [1, 1], "label": "7.4-1.0.2-2-2-2-4-4-4-4", "genus": 7, "signature": "[0,2,2,2,2,4,4,4,4]", "group": "[4,1]", "_id": {"$oid": "579bccbb75d28e4971d3f614"}}, {"passport_label": "7.4-1.0.2-2-2-2-4-4-4-4.2", "gen_vectors": [[2, 1, 4, 3], [2, 1, 4, 3], [2, 1, 4, 3], [2, 1, 4, 3], [3, 4, 2, 1], [3, 4, 2, 1], [4, 3, 1, 2], [4, 3, 1, 2]], "total_label": "7.4-1.0.2-2-2-2-4-4-4-4.2.1", "cc": [2, 1], "label": "7.4-1.0.2-2-2-2-4-4-4-4", "genus": 7, "signature": "[0,2,2,2,2,4,4,4,4]", "group": "[4,1]", "_id": {"$oid": "579bccbb75d28e4971d3f615"}}, {"passport_label": "7.4-1.0.2-2-2-2-4-4-4-4.3", "gen_vectors": [[2, 1, 4, 3], [2, 1, 4, 3], [2, 1, 4, 3], [2, 1, 4, 3], [4, 3, 1, 2], [4, 3, 1, 2], [4, 3, 1, 2], [4, 3, 1, 2]], "total_label": "7.4-1.0.2-2-2-2-4-4-4-4.3.1", "cc": [3, 1], "label": "7.4-1.0.2-2-2-2-4-4-4-4", "genus": 7, "signature": "[0,2,2,2,2,4,4,4,4]", "group": "[4,1]", "_id": {"$oid": "579bccbc75d28e4971d3f616"}}]
[{"passport_label": "7.6-2.0.2-3-3-3-3-6.1", "gen_vectors": [[4, 5, 6, 1, 2, 3], [2, 3, 1, 5, 6, 4], [2, 3, 1, 5, 6, 4], [2, 3, 1, 5, 6, 4], [2, 3, 1, 5, 6, 4], [6, 4, 5, 3, 1, 2]], "total_label": "7.6-2.0.2-3-3-3-3-6.1.1", "cc": [1, 1], "label": "7.6-2.0.2-3-3-3-3-6", "genus": 7, "signature": "[0,2,3,3,3,3,6]", "group": "[6,2]", "_id": {"$oid": "579bccc875d28e4971d3f62f"}}, {"passport_label": "7.6-2.0.2-3-3-3-3-6.2", "gen_vectors": [[4, 5, 6, 1, 2, 3], [2, 3, 1, 5, 6, 4], [2, 3, 1, 5, 6, 4], [2, 3, 1, 5, 6, 4], [3, 1, 2, 6, 4, 5], [5, 6, 4, 2, 3, 1]], "total_label": "7.6-2.0.2-3-3-3-3-6.2.1", "cc": [2, 1], "label": "7.6-2.0.2-3-3-3-3-6", "genus": 7, "signature": "[0,2,3,3,3,3,6]", "group": "[6,2]", "_id": {"$oid": "579bccc975d28e4971d3f630"}}, {"passport_label": "7.6-2.0.2-3-3-3-3-6.3", "gen_vectors": [[4, 5, 6, 1, 2, 3], [2, 3, 1, 5, 6, 4], [3, 1, 2, 6, 4, 5], [3, 1, 2, 6, 4, 5], [3, 1, 2, 6, 4, 5], [6, 4, 5, 3, 1, 2]], "total_label": "7.6-2.0.2-3-3-3-3-6.3.1", "cc": [3, 1], "label": "7.6-2.0.2-3-3-3-3-6", "genus": 7, "signature": "[0,2,3,3,3,3,6]", "group": "[6,2]", "_id": {"$oid": "579bccc975d28e4971d3f631"}}, {"passport_label": "7.6-2.0.2-3-3-3-3-6.4", "gen_vectors": [[4, 5, 6, 1, 2, 3], [3, 1, 2, 6, 4, 5], [3, 1, 2, 6, 4, 5], [3, 1, 2, 6, 4, 5], [3, 1, 2, 6, 4, 5], [5, 6, 4, 2, 3, 1]], "total_label": "7.6-2.0.2-3-3-3-3-6.4.1", "cc": [4, 1], "label": "7.6-2.0.2-3-3-3-3-6", "genus": 7, "signature": "[0,2,3,3,3,3,6]", "group": "[6,2]", "_id": {"$oid": "579bccca75d28e4971d3f632"}}]
