[{"passport_label": "6.3-1.0.3-3-3-3-3-3-3-3.1", "gen_vectors": [[2, 3, 1], [2, 3, 1], [2, 3, 1], [2, 3, 1], [2, 3, 1], [2, 3, 1], [2, 3, 1], [3, 1, 2]], "total_label": "6.3-1.0.3-3-3-3-3-3-3-3.1.1", "cc": [1, 1], "label": "6.3-1.0.3-3-3-3-3-3-3-3", "genus": 6, "signature": "[0,3,3,3,3,3,3,3,3]", "group": "[3,1]", "_id": {"$oid": "579bc92875d28e4971d3f287"}}, {"passport_label": "6.3-1.0.3-3-3-3-3-3-3-3.2", "gen_vectors": [[2, 3, 1], [2, 3, 1], [2, 3, 1], [2, 3, 1], [3, 1, 2], [3, 1, 2], [3, 1, 2], [3, 1, 2]], "total_label": "6.3-1.0.3-3-3-3-3-3-3-3.2.1", "cc": [2, 1], "label": "6.3-1.0.3-3-3-3-3-3-3-3", "genus": 6, "signature": "[0,3,3,3,3,3,3,3,3]", "group": "[3,1]", "_id": {"$oid": "579bc92875d28e4971d3f288"}}, {"passport_label": "6.3-1.0.3-3-3-3-3-3-3-3.3", "gen_vectors": [[2, 3, 1], [3, 1, 2], [3, 1, 2], [3, 1, 2], [3, 1, 2], [3, 1, 2], [3, 1, 2], [3, 1, 2]], "total_label": "6.3-1.0.3-3-3-3-3-3-3-3.3.1", "cc": [3, 1], "label": "6.3-1.0.3-3-3-3-3-3-3-3", "genus": 6, "signature": "[0,3,3,3,3,3,3,3,3]", "group": "[3,1]", "_id": {"$oid": "579bc92975d28e4971d3f289"}}]
[{"passport_label": "6.8-1.0.2-2-2-8-8.1", "gen_vectors": [[2, 1, 4, 3, 6, 5, 8, 7], [2, 1, 4, 3, 6, 5, 8, 7], [2, 1, 4, 3, 6, 5, 8, 7], [5, 6, 7, 8, 3, 4, 2, 1], [7, 8, 6, 5, 2, 1, 4, 3]], "total_label": "6.8-1.0.2-2-2-8-8.1.1", "cc": [1, 1], "signature": "[0,2,2,2,8,8]", "label": "6.8-1.0.2-2-2-8-8", "genus": 6, "group": "[8,1]", "_id": {"$oid": "579bc96c75d28e4971d3f30e"}}, {"passport_label": "6.8-1.0.2-2-2-8-8.2", "gen_vectors": [[2, 1, 4, 3, 6, 5, 8, 7], [2, 1, 4, 3, 6, 5, 8, 7], [2, 1, 4, 3, 6, 5, 8, 7], [6, 5, 8, 7, 4, 3, 1, 2], [8, 7, 5, 6, 1, 2, 3, 4]], "total_label": "6.8-1.0.2-2-2-8-8.2.1", "cc": [2, 1], "signature": "[0,2,2,2,8,8]", "label": "6.8-1.0.2-2-2-8-8", "genus": 6, "group": "[8,1]", "_id": {"$oid": "579bc96c75d28e4971d3f30f"}}]
[{"passport_label": "6.12-4.0.2-2-2-2-6.2", "gen_vectors": [[7, 9, 8, 10, 12, 11, 1, 3, 2, 4, 6, 5], [7, 9, 8, 10, 12, 11, 1, 3, 2, 4, 6, 5], [7, 9, 8, 10, 12, 11, 1, 3, 2, 4, 6, 5], [12, 11, 10, 9, 8, 7, 6, 5, 4, 3, 2, 1], [5, 6, 4, 2, 3, 1, 11, 12, 10, 8, 9, 7]], "total_label": "6.12-4.0.2-2-2-2-6.2.1", "cc": [2, 1], "label": "6.12-4.0.2-2-2-2-6", "genus": 6, "signature": "[0,2,2,2,2,6]", "group": "[12,4]", "_id": {"$oid": "579bca1475d28e4971d3f45e"}}, {"passport_label": "6.12-4.0.2-2-2-2-6.2", "gen_vectors": [[7, 9, 8, 10, 12, 11, 1, 3, 2, 4, 6, 5], [7, 9, 8, 10, 12, 11, 1, 3, 2, 4, 6, 5], [9, 8, 7, 12, 11, 10, 3, 2, 1, 6, 5, 4], [10, 12, 11, 7, 9, 8, 4, 6, 5, 1, 3, 2], [6, 4, 5, 3, 1, 2, 12, 10, 11, 9, 7, 8]], "total_label": "6.12-4.0.2-2-2-2-6.2.2", "cc": [2, 2], "label": "6.12-4.0.2-2-2-2-6", "genus": 6, "signature": "[0,2,2,2,2,6]", "group": "[12,4]", "_id": {"$oid": "579bca1575d28e4971d3f45f"}}, {"passport_label": "6.12-4.0.2-2-2-2-6.2", "gen_vectors": [[7, 9, 8, 10, 12, 11, 1, 3, 2, 4, 6, 5], [7, 9, 8, 10, 12, 11, 1, 3, 2, 4, 6, 5], [9, 8, 7, 12, 11, 10, 3, 2, 1, 6, 5, 4], [11, 10, 12, 8, 7, 9, 5, 4, 6, 2, 1, 3], [5, 6, 4, 2, 3, 1, 11, 12, 10, 8, 9, 7]], "total_label": "6.12-4.0.2-2-2-2-6.2.3", "cc": [2, 3], "label": "6.12-4.0.2-2-2-2-6", "genus": 6, "signature": "[0,2,2,2,2,6]", "group": "[12,4]", "_id": {"$oid": "579bca1575d28e4971d3f460"}}, {"passport_label": "6.12-4.0.2-2-2-2-6.2", "gen_vectors": [[7, 9, 8, 10, 12, 11, 1, 3, 2, 4, 6, 5], [9, 8, 7, 12, 11, 10, 3, 2, 1, 6, 5, 4], [7, 9, 8, 10, 12, 11, 1, 3, 2, 4, 6, 5], [10, 12, 11, 7, 9, 8, 4, 6, 5, 1, 3, 2], [5, 6, 4, 2, 3, 1, 11, 12, 10, 8, 9, 7]], "total_label": "6.12-4.0.2-2-2-2-6.2.4", "cc": [2, 4], "label": "6.12-4.0.2-2-2-2-6", "genus": 6, "signature": "[0,2,2,2,2,6]", "group": "[12,4]", "_id": {"$oid": "579bca1675d28e4971d3f461"}}, {"passport_label": "6.12-4.0.2-2-2-2-6.2", "gen_vectors": [[7, 9, 8, 10, 12, 11, 1, 3, 2, 4, 6, 5], [9, 8, 7, 12, 11, 10, 3, 2, 1, 6, 5, 4], [7, 9, 8, 10, 12, 11, 1, 3, 2, 4, 6, 5], [12, 11, 10, 9, 8, 7, 6, 5, 4, 3, 2, 1], [6, 4, 5, 3, 1, 2, 12, 10, 11, 9, 7, 8]], "total_label": "6.12-4.0.2-2-2-2-6.2.5", "cc": [2, 5], "label": "6.12-4.0.2-2-2-2-6", "genus": 6, "signature": "[0,2,2,2,2,6]", "group": "[12,4]", "_id": {"$oid": "579bca1675d28e4971d3f462"}}, {"passport_label": "6.12-4.0.2-2-2-2-6.2", "gen_vectors": [[7, 9, 8, 10, 12, 11, 1, 3, 2, 4, 6, 5], [9, 8, 7, 12, 11, 10, 3, 2, 1, 6, 5, 4], [9, 8, 7, 12, 11, 10, 3, 2, 1, 6, 5, 4], [12, 11, 10, 9, 8, 7, 6, 5, 4, 3, 2, 1], [5, 6, 4, 2, 3, 1, 11, 12, 10, 8, 9, 7]], "total_label": "6.12-4.0.2-2-2-2-6.2.6", "cc": [2, 6], "label": "6.12-4.0.2-2-2-2-6", "genus": 6, "signature": "[0,2,2,2,2,6]", "group": "[12,4]", "_id": {"$oid": "579bca1775d28e4971d3f463"}}, {"passport_label": "6.12-4.0.2-2-2-2-6.2", "gen_vectors": [[7, 9, 8, 10, 12, 11, 1, 3, 2, 4, 6, 5], [9, 8, 7, 12, 11, 10, 3, 2, 1, 6, 5, 4], [9, 8, 7, 12, 11, 10, 3, 2, 1, 6, 5, 4], [11, 10, 12, 8, 7, 9, 5, 4, 6, 2, 1, 3], [6, 4, 5, 3, 1, 2, 12, 10, 11, 9, 7, 8]], "total_label": "6.12-4.0.2-2-2-2-6.2.7", "cc": [2, 7], "label": "6.12-4.0.2-2-2-2-6", "genus": 6, "signature": "[0,2,2,2,2,6]", "group": "[12,4]", "_id": {"$oid": "579bca1775d28e4971d3f464"}}, {"passport_label": "6.12-4.0.2-2-2-2-6.2", "gen_vectors": [[7, 9, 8, 10, 12, 11, 1, 3, 2, 4, 6, 5], [9, 8, 7, 12, 11, 10, 3, 2, 1, 6, 5, 4], [8, 7, 9, 11, 10, 12, 2, 1, 3, 5, 4, 6], [10, 12, 11, 7, 9, 8, 4, 6, 5, 1, 3, 2], [6, 4, 5, 3, 1, 2, 12, 10, 11, 9, 7, 8]], "total_label": "6.12-4.0.2-2-2-2-6.2.8", "cc": [2, 8], "label": "6.12-4.0.2-2-2-2-6", "genus": 6, "signature": "[0,2,2,2,2,6]", "group": "[12,4]", "_id": {"$oid": "579bca1875d28e4971d3f465"}}, {"passport_label": "6.12-4.0.2-2-2-2-6.2", "gen_vectors": [[7, 9, 8, 10, 12, 11, 1, 3, 2, 4, 6, 5], [9, 8, 7, 12, 11, 10, 3, 2, 1, 6, 5, 4], [8, 7, 9, 11, 10, 12, 2, 1, 3, 5, 4, 6], [11, 10, 12, 8, 7, 9, 5, 4, 6, 2, 1, 3], [5, 6, 4, 2, 3, 1, 11, 12, 10, 8, 9, 7]], "total_label": "6.12-4.0.2-2-2-2-6.2.9", "cc": [2, 9], "label": "6.12-4.0.2-2-2-2-6", "genus": 6, "signature": "[0,2,2,2,2,6]", "group": "[12,4]", "_id": {"$oid": "579bca1875d28e4971d3f466"}}, {"passport_label": "6.12-4.0.2-2-2-2-6.3", "gen_vectors": [[7, 9, 8, 10, 12, 11, 1, 3, 2, 4, 6, 5], [10, 12, 11, 7, 9, 8, 4, 6, 5, 1, 3, 2], [10, 12, 11, 7, 9, 8, 4, 6, 5, 1, 3, 2], [12, 11, 10, 9, 8, 7, 6, 5, 4, 3, 2, 1], [5, 6, 4, 2, 3, 1, 11, 12, 10, 8, 9, 7]], "total_label": "6.12-4.0.2-2-2-2-6.3.1", "cc": [3, 1], "label": "6.12-4.0.2-2-2-2-6", "genus": 6, "signature": "[0,2,2,2,2,6]", "group": "[12,4]", "_id": {"$oid": "579bca1975d28e4971d3f467"}}, {"passport_label": "6.12-4.0.2-2-2-2-6.3", "gen_vectors": [[7, 9, 8, 10, 12, 11, 1, 3, 2, 4, 6, 5], [10, 12, 11, 7, 9, 8, 4, 6, 5, 1, 3, 2], [12, 11, 10, 9, 8, 7, 6, 5, 4, 3, 2, 1], [10, 12, 11, 7, 9, 8, 4, 6, 5, 1, 3, 2], [6, 4, 5, 3, 1, 2, 12, 10, 11, 9, 7, 8]], "total_label": "6.12-4.0.2-2-2-2-6.3.2", "cc": [3, 2], "label": "6.12-4.0.2-2-2-2-6", "genus": 6, "signature": "[0,2,2,2,2,6]", "group": "[12,4]", "_id": {"$oid": "579bca1975d28e4971d3f468"}}, {"passport_label": "6.12-4.0.2-2-2-2-6.3", "gen_vectors": [[7, 9, 8, 10, 12, 11, 1, 3, 2, 4, 6, 5], [10, 12, 11, 7, 9, 8, 4, 6, 5, 1, 3, 2], [12, 11, 10, 9, 8, 7, 6, 5, 4, 3, 2, 1], [11, 10, 12, 8, 7, 9, 5, 4, 6, 2, 1, 3], [5, 6, 4, 2, 3, 1, 11, 12, 10, 8, 9, 7]], "total_label": "6.12-4.0.2-2-2-2-6.3.3", "cc": [3, 3], "label": "6.12-4.0.2-2-2-2-6", "genus": 6, "signature": "[0,2,2,2,2,6]", "group": "[12,4]", "_id": {"$oid": "579bca1a75d28e4971d3f469"}}, {"passport_label": "6.12-4.0.2-2-2-2-6.3", "gen_vectors": [[7, 9, 8, 10, 12, 11, 1, 3, 2, 4, 6, 5], [12, 11, 10, 9, 8, 7, 6, 5, 4, 3, 2, 1], [10, 12, 11, 7, 9, 8, 4, 6, 5, 1, 3, 2], [10, 12, 11, 7, 9, 8, 4, 6, 5, 1, 3, 2], [5, 6, 4, 2, 3, 1, 11, 12, 10, 8, 9, 7]], "total_label": "6.12-4.0.2-2-2-2-6.3.4", "cc": [3, 4], "label": "6.12-4.0.2-2-2-2-6", "genus": 6, "signature": "[0,2,2,2,2,6]", "group": "[12,4]", "_id": {"$oid": "579bca1b75d28e4971d3f46a"}}, {"passport_label": "6.12-4.0.2-2-2-2-6.3", "gen_vectors": [[7, 9, 8, 10, 12, 11, 1, 3, 2, 4, 6, 5], [12, 11, 10, 9, 8, 7, 6, 5, 4, 3, 2, 1], [10, 12, 11, 7, 9, 8, 4, 6, 5, 1, 3, 2], [12, 11, 10, 9, 8, 7, 6, 5, 4, 3, 2, 1], [6, 4, 5, 3, 1, 2, 12, 10, 11, 9, 7, 8]], "total_label": "6.12-4.0.2-2-2-2-6.3.5", "cc": [3, 5], "label": "6.12-4.0.2-2-2-2-6", "genus": 6, "signature": "[0,2,2,2,2,6]", "group": "[12,4]", "_id": {"$oid": "579bca1b75d28e4971d3f46b"}}, {"passport_label": "6.12-4.0.2-2-2-2-6.3", "gen_vectors": [[7, 9, 8, 10, 12, 11, 1, 3, 2, 4, 6, 5], [12, 11, 10, 9, 8, 7, 6, 5, 4, 3, 2, 1], [12, 11, 10, 9, 8, 7, 6, 5, 4, 3, 2, 1], [12, 11, 10, 9, 8, 7, 6, 5, 4, 3, 2, 1], [5, 6, 4, 2, 3, 1, 11, 12, 10, 8, 9, 7]], "total_label": "6.12-4.0.2-2-2-2-6.3.6", "cc": [3, 6], "label": "6.12-4.0.2-2-2-2-6", "genus": 6, "signature": "[0,2,2,2,2,6]", "group": "[12,4]", "_id": {"$oid": "579bca1c75d28e4971d3f46c"}}, {"passport_label": "6.12-4.0.2-2-2-2-6.3", "gen_vectors": [[7, 9, 8, 10, 12, 11, 1, 3, 2, 4, 6, 5], [12, 11, 10, 9, 8, 7, 6, 5, 4, 3, 2, 1], [12, 11, 10, 9, 8, 7, 6, 5, 4, 3, 2, 1], [11, 10, 12, 8, 7, 9, 5, 4, 6, 2, 1, 3], [6, 4, 5, 3, 1, 2, 12, 10, 11, 9, 7, 8]], "total_label": "6.12-4.0.2-2-2-2-6.3.7", "cc": [3, 7], "label": "6.12-4.0.2-2-2-2-6", "genus": 6, "signature": "[0,2,2,2,2,6]", "group": "[12,4]", "_id": {"$oid": "579bca1c75d28e4971d3f46d"}}, {"passport_label": "6.12-4.0.2-2-2-2-6.3", "gen_vectors": [[7, 9, 8, 10, 12, 11, 1, 3, 2, 4, 6, 5], [12, 11, 10, 9, 8, 7, 6, 5, 4, 3, 2, 1], [11, 10, 12, 8, 7, 9, 5, 4, 6, 2, 1, 3], [10, 12, 11, 7, 9, 8, 4, 6, 5, 1, 3, 2], [6, 4, 5, 3, 1, 2, 12, 10, 11, 9, 7, 8]], "total_label": "6.12-4.0.2-2-2-2-6.3.8", "cc": [3, 8], "label": "6.12-4.0.2-2-2-2-6", "genus": 6, "signature": "[0,2,2,2,2,6]", "group": "[12,4]", "_id": {"$oid": "579bca1d75d28e4971d3f46e"}}, {"passport_label": "6.12-4.0.2-2-2-2-6.3", "gen_vectors": [[7, 9, 8, 10, 12, 11, 1, 3, 2, 4, 6, 5], [12, 11, 10, 9, 8, 7, 6, 5, 4, 3, 2, 1], [11, 10, 12, 8, 7, 9, 5, 4, 6, 2, 1, 3], [11, 10, 12, 8, 7, 9, 5, 4, 6, 2, 1, 3], [5, 6, 4, 2, 3, 1, 11, 12, 10, 8, 9, 7]], "total_label": "6.12-4.0.2-2-2-2-6.3.9", "cc": [3, 9], "label": "6.12-4.0.2-2-2-2-6", "genus": 6, "signature": "[0,2,2,2,2,6]", "group": "[12,4]", "_id": {"$oid": "579bca1d75d28e4971d3f46f"}}, {"passport_label": "6.12-4.0.2-2-2-2-6.1", "gen_vectors": [[4, 5, 6, 1, 2, 3, 10, 11, 12, 7, 8, 9], [4, 5, 6, 1, 2, 3, 10, 11, 12, 7, 8, 9], [7, 9, 8, 10, 12, 11, 1, 3, 2, 4, 6, 5], [12, 11, 10, 9, 8, 7, 6, 5, 4, 3, 2, 1], [5, 6, 4, 2, 3, 1, 11, 12, 10, 8, 9, 7]], "total_label": "6.12-4.0.2-2-2-2-6.1.1", "cc": [1, 1], "signature": "[0,2,2,2,2,6]", "label": "6.12-4.0.2-2-2-2-6", "genus": 6, "group": "[12,4]", "_id": {"$oid": "579bca1475d28e4971d3f45d"}}]
[{"passport_label": "6.20-2.0.4-5-20.1", "gen_vectors": [[11, 12, 13, 14, 15, 16, 17, 18, 19, 20, 2, 1, 4, 3, 6, 5, 8, 7, 10, 9], [3, 4, 5, 6, 7, 8, 9, 10, 1, 2, 13, 14, 15, 16, 17, 18, 19, 20, 11, 12], [20, 19, 12, 11, 14, 13, 16, 15, 18, 17, 9, 10, 1, 2, 3, 4, 5, 6, 7, 8]], "total_label": "6.20-2.0.4-5-20.1.1", "cc": [1, 1], "label": "6.20-2.0.4-5-20", "genus": 6, "signature": "[0,4,5,20]", "group": "[20,2]", "_id": {"$oid": "579bca5175d28e4971d3f4d9"}}, {"passport_label": "6.20-2.0.4-5-20.2", "gen_vectors": [[11, 12, 13, 14, 15, 16, 17, 18, 19, 20, 2, 1, 4, 3, 6, 5, 8, 7, 10, 9], [5, 6, 7, 8, 9, 10, 1, 2, 3, 4, 15, 16, 17, 18, 19, 20, 11, 12, 13, 14], [18, 17, 20, 19, 12, 11, 14, 13, 16, 15, 7, 8, 9, 10, 1, 2, 3, 4, 5, 6]], "total_label": "6.20-2.0.4-5-20.2.1", "cc": [2, 1], "label": "6.20-2.0.4-5-20", "genus": 6, "signature": "[0,4,5,20]", "group": "[20,2]", "_id": {"$oid": "579bca5275d28e4971d3f4da"}}, {"passport_label": "6.20-2.0.4-5-20.3", "gen_vectors": [[11, 12, 13, 14, 15, 16, 17, 18, 19, 20, 2, 1, 4, 3, 6, 5, 8, 7, 10, 9], [7, 8, 9, 10, 1, 2, 3, 4, 5, 6, 17, 18, 19, 20, 11, 12, 13, 14, 15, 16], [16, 15, 18, 17, 20, 19, 12, 11, 14, 13, 5, 6, 7, 8, 9, 10, 1, 2, 3, 4]], "total_label": "6.20-2.0.4-5-20.3.1", "cc": [3, 1], "label": "6.20-2.0.4-5-20", "genus": 6, "signature": "[0,4,5,20]", "group": "[20,2]", "_id": {"$oid": "579bca5275d28e4971d3f4db"}}, {"passport_label": "6.20-2.0.4-5-20.4", "gen_vectors": [[11, 12, 13, 14, 15, 16, 17, 18, 19, 20, 2, 1, 4, 3, 6, 5, 8, 7, 10, 9], [9, 10, 1, 2, 3, 4, 5, 6, 7, 8, 19, 20, 11, 12, 13, 14, 15, 16, 17, 18], [14, 13, 16, 15, 18, 17, 20, 19, 12, 11, 3, 4, 5, 6, 7, 8, 9, 10, 1, 2]], "total_label": "6.20-2.0.4-5-20.4.1", "cc": [4, 1], "label": "6.20-2.0.4-5-20", "genus": 6, "signature": "[0,4,5,20]", "group": "[20,2]", "_id": {"$oid": "579bca5375d28e4971d3f4dc"}}, {"passport_label": "6.20-2.0.4-5-20.5", "gen_vectors": [[12, 11, 14, 13, 16, 15, 18, 17, 20, 19, 1, 2, 3, 4, 5, 6, 7, 8, 9, 10], [3, 4, 5, 6, 7, 8, 9, 10, 1, 2, 13, 14, 15, 16, 17, 18, 19, 20, 11, 12], [19, 20, 11, 12, 13, 14, 15, 16, 17, 18, 10, 9, 2, 1, 4, 3, 6, 5, 8, 7]], "total_label": "6.20-2.0.4-5-20.5.1", "cc": [5, 1], "label": "6.20-2.0.4-5-20", "genus": 6, "signature": "[0,4,5,20]", "group": "[20,2]", "_id": {"$oid": "579bca5375d28e4971d3f4dd"}}, {"passport_label": "6.20-2.0.4-5-20.6", "gen_vectors": [[12, 11, 14, 13, 16, 15, 18, 17, 20, 19, 1, 2, 3, 4, 5, 6, 7, 8, 9, 10], [5, 6, 7, 8, 9, 10, 1, 2, 3, 4, 15, 16, 17, 18, 19, 20, 11, 12, 13, 14], [17, 18, 19, 20, 11, 12, 13, 14, 15, 16, 8, 7, 10, 9, 2, 1, 4, 3, 6, 5]], "total_label": "6.20-2.0.4-5-20.6.1", "cc": [6, 1], "label": "6.20-2.0.4-5-20", "genus": 6, "signature": "[0,4,5,20]", "group": "[20,2]", "_id": {"$oid": "579bca5475d28e4971d3f4de"}}, {"passport_label": "6.20-2.0.4-5-20.7", "gen_vectors": [[12, 11, 14, 13, 16, 15, 18, 17, 20, 19, 1, 2, 3, 4, 5, 6, 7, 8, 9, 10], [7, 8, 9, 10, 1, 2, 3, 4, 5, 6, 17, 18, 19, 20, 11, 12, 13, 14, 15, 16], [15, 16, 17, 18, 19, 20, 11, 12, 13, 14, 6, 5, 8, 7, 10, 9, 2, 1, 4, 3]], "total_label": "6.20-2.0.4-5-20.7.1", "cc": [7, 1], "label": "6.20-2.0.4-5-20", "genus": 6, "signature": "[0,4,5,20]", "group": "[20,2]", "_id": {"$oid": "579bca5475d28e4971d3f4df"}}, {"passport_label": "6.20-2.0.4-5-20.8", "gen_vectors": [[12, 11, 14, 13, 16, 15, 18, 17, 20, 19, 1, 2, 3, 4, 5, 6, 7, 8, 9, 10], [9, 10, 1, 2, 3, 4, 5, 6, 7, 8, 19, 20, 11, 12, 13, 14, 15, 16, 17, 18], [13, 14, 15, 16, 17, 18, 19, 20, 11, 12, 4, 3, 6, 5, 8, 7, 10, 9, 2, 1]], "total_label": "6.20-2.0.4-5-20.8.1", "cc": [8, 1], "label": "6.20-2.0.4-5-20", "genus": 6, "signature": "[0,4,5,20]", "group": "[20,2]", "_id": {"$oid": "579bca5575d28e4971d3f4e0"}}]
[{"passport_label": "6.56-7.0.2-4-14.1", "gen_vectors": [[29, 35, 34, 33, 32, 31, 30, 36, 42, 41, 40, 39, 38, 37, 50, 56, 55, 54, 53, 52, 51, 43, 49, 48, 47, 46, 45, 44, 1, 7, 6, 5, 4, 3, 2, 8, 14, 13, 12, 11, 10, 9, 22, 28, 27, 26, 25, 24, 23, 15, 21, 20, 19, 18, 17, 16], [49, 48, 47, 46, 45, 44, 43, 56, 55, 54, 53, 52, 51, 50, 42, 41, 40, 39, 38, 37, 36, 35, 34, 33, 32, 31, 30, 29, 21, 20, 19, 18, 17, 16, 15, 28, 27, 26, 25, 24, 23, 22, 14, 13, 12, 11, 10, 9, 8, 7, 6, 5, 4, 3, 2, 1], [16, 17, 18, 19, 20, 21, 15, 23, 24, 25, 26, 27, 28, 22, 2, 3, 4, 5, 6, 7, 1, 9, 10, 11, 12, 13, 14, 8, 44, 45, 46, 47, 48, 49, 43, 51, 52, 53, 54, 55, 56, 50, 30, 31, 32, 33, 34, 35, 29, 37, 38, 39, 40, 41, 42, 36]], "total_label": "6.56-7.0.2-4-14.1.1", "cc": [1, 1], "signature": "[0,2,4,14]", "label": "6.56-7.0.2-4-14", "genus": 6, "group": "[56,7]", "_id": {"$oid": "579bca7375d28e4971d3f51d"}}, {"passport_label": "6.56-7.0.2-4-14.2", "gen_vectors": [[29, 35, 34, 33, 32, 31, 30, 36, 42, 41, 40, 39, 38, 37, 50, 56, 55, 54, 53, 52, 51, 43, 49, 48, 47, 46, 45, 44, 1, 7, 6, 5, 4, 3, 2, 8, 14, 13, 12, 11, 10, 9, 22, 28, 27, 26, 25, 24, 23, 15, 21, 20, 19, 18, 17, 16], [47, 46, 45, 44, 43, 49, 48, 54, 53, 52, 51, 50, 56, 55, 40, 39, 38, 37, 36, 42, 41, 33, 32, 31, 30, 29, 35, 34, 19, 18, 17, 16, 15, 21, 20, 26, 25, 24, 23, 22, 28, 27, 12, 11, 10, 9, 8, 14, 13, 5, 4, 3, 2, 1, 7, 6], [18, 19, 20, 21, 15, 16, 17, 25, 26, 27, 28, 22, 23, 24, 4, 5, 6, 7, 1, 2, 3, 11, 12, 13, 14, 8, 9, 10, 46, 47, 48, 49, 43, 44, 45, 53, 54, 55, 56, 50, 51, 52, 32, 33, 34, 35, 29, 30, 31, 39, 40, 41, 42, 36, 37, 38]], "total_label": "6.56-7.0.2-4-14.2.1", "cc": [2, 1], "signature": "[0,2,4,14]", "label": "6.56-7.0.2-4-14", "genus": 6, "group": "[56,7]", "_id": {"$oid": "579bca7475d28e4971d3f51e"}}, {"passport_label": "6.56-7.0.2-4-14.3", "gen_vectors": [[29, 35, 34, 33, 32, 31, 30, 36, 42, 41, 40, 39, 38, 37, 50, 56, 55, 54, 53, 52, 51, 43, 49, 48, 47, 46, 45, 44, 1, 7, 6, 5, 4, 3, 2, 8, 14, 13, 12, 11, 10, 9, 22, 28, 27, 26, 25, 24, 23, 15, 21, 20, 19, 18, 17, 16], [45, 44, 43, 49, 48, 47, 46, 52, 51, 50, 56, 55, 54, 53, 38, 37, 36, 42, 41, 40, 39, 31, 30, 29, 35, 34, 33, 32, 17, 16, 15, 21, 20, 19, 18, 24, 23, 22, 28, 27, 26, 25, 10, 9, 8, 14, 13, 12, 11, 3, 2, 1, 7, 6, 5, 4], [20, 21, 15, 16, 17, 18, 19, 27, 28, 22, 23, 24, 25, 26, 6, 7, 1, 2, 3, 4, 5, 13, 14, 8, 9, 10, 11, 12, 48, 49, 43, 44, 45, 46, 47, 55, 56, 50, 51, 52, 53, 54, 34, 35, 29, 30, 31, 32, 33, 41, 42, 36, 37, 38, 39, 40]], "total_label": "6.56-7.0.2-4-14.3.1", "cc": [3, 1], "signature": "[0,2,4,14]", "label": "6.56-7.0.2-4-14", "genus": 6, "group": "[56,7]", "_id": {"$oid": "579bca7475d28e4971d3f51f"}}, {"passport_label": "6.56-7.0.2-4-14.4", "gen_vectors": [[29, 35, 34, 33, 32, 31, 30, 36, 42, 41, 40, 39, 38, 37, 50, 56, 55, 54, 53, 52, 51, 43, 49, 48, 47, 46, 45, 44, 1, 7, 6, 5, 4, 3, 2, 8, 14, 13, 12, 11, 10, 9, 22, 28, 27, 26, 25, 24, 23, 15, 21, 20, 19, 18, 17, 16], [48, 47, 46, 45, 44, 43, 49, 55, 54, 53, 52, 51, 50, 56, 41, 40, 39, 38, 37, 36, 42, 34, 33, 32, 31, 30, 29, 35, 20, 19, 18, 17, 16, 15, 21, 27, 26, 25, 24, 23, 22, 28, 13, 12, 11, 10, 9, 8, 14, 6, 5, 4, 3, 2, 1, 7], [17, 18, 19, 20, 21, 15, 16, 24, 25, 26, 27, 28, 22, 23, 3, 4, 5, 6, 7, 1, 2, 10, 11, 12, 13, 14, 8, 9, 45, 46, 47, 48, 49, 43, 44, 52, 53, 54, 55, 56, 50, 51, 31, 32, 33, 34, 35, 29, 30, 38, 39, 40, 41, 42, 36, 37]], "total_label": "6.56-7.0.2-4-14.4.1", "cc": [4, 1], "signature": "[0,2,4,14]", "label": "6.56-7.0.2-4-14", "genus": 6, "group": "[56,7]", "_id": {"$oid": "579bca7575d28e4971d3f520"}}, {"passport_label": "6.56-7.0.2-4-14.5", "gen_vectors": [[29, 35, 34, 33, 32, 31, 30, 36, 42, 41, 40, 39, 38, 37, 50, 56, 55, 54, 53, 52, 51, 43, 49, 48, 47, 46, 45, 44, 1, 7, 6, 5, 4, 3, 2, 8, 14, 13, 12, 11, 10, 9, 22, 28, 27, 26, 25, 24, 23, 15, 21, 20, 19, 18, 17, 16], [46, 45, 44, 43, 49, 48, 47, 53, 52, 51, 50, 56, 55, 54, 39, 38, 37, 36, 42, 41, 40, 32, 31, 30, 29, 35, 34, 33, 18, 17, 16, 15, 21, 20, 19, 25, 24, 23, 22, 28, 27, 26, 11, 10, 9, 8, 14, 13, 12, 4, 3, 2, 1, 7, 6, 5], [19, 20, 21, 15, 16, 17, 18, 26, 27, 28, 22, 23, 24, 25, 5, 6, 7, 1, 2, 3, 4, 12, 13, 14, 8, 9, 10, 11, 47, 48, 49, 43, 44, 45, 46, 54, 55, 56, 50, 51, 52, 53, 33, 34, 35, 29, 30, 31, 32, 40, 41, 42, 36, 37, 38, 39]], "total_label": "6.56-7.0.2-4-14.5.1", "cc": [5, 1], "signature": "[0,2,4,14]", "label": "6.56-7.0.2-4-14", "genus": 6, "group": "[56,7]", "_id": {"$oid": "579bca7575d28e4971d3f521"}}, {"passport_label": "6.56-7.0.2-4-14.6", "gen_vectors": [[29, 35, 34, 33, 32, 31, 30, 36, 42, 41, 40, 39, 38, 37, 50, 56, 55, 54, 53, 52, 51, 43, 49, 48, 47, 46, 45, 44, 1, 7, 6, 5, 4, 3, 2, 8, 14, 13, 12, 11, 10, 9, 22, 28, 27, 26, 25, 24, 23, 15, 21, 20, 19, 18, 17, 16], [44, 43, 49, 48, 47, 46, 45, 51, 50, 56, 55, 54, 53, 52, 37, 36, 42, 41, 40, 39, 38, 30, 29, 35, 34, 33, 32, 31, 16, 15, 21, 20, 19, 18, 17, 23, 22, 28, 27, 26, 25, 24, 9, 8, 14, 13, 12, 11, 10, 2, 1, 7, 6, 5, 4, 3], [21, 15, 16, 17, 18, 19, 20, 28, 22, 23, 24, 25, 26, 27, 7, 1, 2, 3, 4, 5, 6, 14, 8, 9, 10, 11, 12, 13, 49, 43, 44, 45, 46, 47, 48, 56, 50, 51, 52, 53, 54, 55, 35, 29, 30, 31, 32, 33, 34, 42, 36, 37, 38, 39, 40, 41]], "total_label": "6.56-7.0.2-4-14.6.1", "cc": [6, 1], "signature": "[0,2,4,14]", "label": "6.56-7.0.2-4-14", "genus": 6, "group": "[56,7]", "_id": {"$oid": "579bca7675d28e4971d3f522"}}]
[{"passport_label": "6.12-2.0.2-2-12-12.1", "gen_vectors": [[2, 1, 4, 3, 6, 5, 8, 7, 10, 9, 12, 11], [2, 1, 4, 3, 6, 5, 8, 7, 10, 9, 12, 11], [9, 10, 11, 12, 7, 8, 4, 3, 6, 5, 2, 1], [12, 11, 8, 7, 10, 9, 5, 6, 1, 2, 3, 4]], "total_label": "6.12-2.0.2-2-12-12.1.1", "cc": [1, 1], "label": "6.12-2.0.2-2-12-12", "genus": 6, "signature": "[0,2,2,12,12]", "group": "[12,2]", "_id": {"$oid": "579bca8875d28e4971d3f548"}}, {"passport_label": "6.12-2.0.2-2-12-12.2", "gen_vectors": [[2, 1, 4, 3, 6, 5, 8, 7, 10, 9, 12, 11], [2, 1, 4, 3, 6, 5, 8, 7, 10, 9, 12, 11], [11, 12, 7, 8, 9, 10, 6, 5, 2, 1, 4, 3], [10, 9, 12, 11, 8, 7, 3, 4, 5, 6, 1, 2]], "total_label": "6.12-2.0.2-2-12-12.2.1", "cc": [2, 1], "label": "6.12-2.0.2-2-12-12", "genus": 6, "signature": "[0,2,2,12,12]", "group": "[12,2]", "_id": {"$oid": "579bca8875d28e4971d3f549"}}]
[{"passport_label": "6.28-4.0.2-14-14.1", "gen_vectors": [[8, 9, 10, 11, 12, 13, 14, 1, 2, 3, 4, 5, 6, 7, 22, 23, 24, 25, 26, 27, 28, 15, 16, 17, 18, 19, 20, 21], [16, 17, 18, 19, 20, 21, 15, 23, 24, 25, 26, 27, 28, 22, 2, 3, 4, 5, 6, 7, 1, 9, 10, 11, 12, 13, 14, 8], [28, 22, 23, 24, 25, 26, 27, 21, 15, 16, 17, 18, 19, 20, 14, 8, 9, 10, 11, 12, 13, 7, 1, 2, 3, 4, 5, 6]], "total_label": "6.28-4.0.2-14-14.1.1", "cc": [1, 1], "label": "6.28-4.0.2-14-14", "genus": 6, "signature": "[0,2,14,14]", "group": "[28,4]", "_id": {"$oid": "579bcacb75d28e4971d3f5cb"}}, {"passport_label": "6.28-4.0.2-14-14.2", "gen_vectors": [[8, 9, 10, 11, 12, 13, 14, 1, 2, 3, 4, 5, 6, 7, 22, 23, 24, 25, 26, 27, 28, 15, 16, 17, 18, 19, 20, 21], [18, 19, 20, 21, 15, 16, 17, 25, 26, 27, 28, 22, 23, 24, 4, 5, 6, 7, 1, 2, 3, 11, 12, 13, 14, 8, 9, 10], [26, 27, 28, 22, 23, 24, 25, 19, 20, 21, 15, 16, 17, 18, 12, 13, 14, 8, 9, 10, 11, 5, 6, 7, 1, 2, 3, 4]], "total_label": "6.28-4.0.2-14-14.2.1", "cc": [2, 1], "label": "6.28-4.0.2-14-14", "genus": 6, "signature": "[0,2,14,14]", "group": "[28,4]", "_id": {"$oid": "579bcacb75d28e4971d3f5cc"}}, {"passport_label": "6.28-4.0.2-14-14.3", "gen_vectors": [[8, 9, 10, 11, 12, 13, 14, 1, 2, 3, 4, 5, 6, 7, 22, 23, 24, 25, 26, 27, 28, 15, 16, 17, 18, 19, 20, 21], [20, 21, 15, 16, 17, 18, 19, 27, 28, 22, 23, 24, 25, 26, 6, 7, 1, 2, 3, 4, 5, 13, 14, 8, 9, 10, 11, 12], [24, 25, 26, 27, 28, 22, 23, 17, 18, 19, 20, 21, 15, 16, 10, 11, 12, 13, 14, 8, 9, 3, 4, 5, 6, 7, 1, 2]], "total_label": "6.28-4.0.2-14-14.3.1", "cc": [3, 1], "label": "6.28-4.0.2-14-14", "genus": 6, "signature": "[0,2,14,14]", "group": "[28,4]", "_id": {"$oid": "579bcacc75d28e4971d3f5cd"}}, {"passport_label": "6.28-4.0.2-14-14.4", "gen_vectors": [[8, 9, 10, 11, 12, 13, 14, 1, 2, 3, 4, 5, 6, 7, 22, 23, 24, 25, 26, 27, 28, 15, 16, 17, 18, 19, 20, 21], [17, 18, 19, 20, 21, 15, 16, 24, 25, 26, 27, 28, 22, 23, 3, 4, 5, 6, 7, 1, 2, 10, 11, 12, 13, 14, 8, 9], [27, 28, 22, 23, 24, 25, 26, 20, 21, 15, 16, 17, 18, 19, 13, 14, 8, 9, 10, 11, 12, 6, 7, 1, 2, 3, 4, 5]], "total_label": "6.28-4.0.2-14-14.4.1", "cc": [4, 1], "label": "6.28-4.0.2-14-14", "genus": 6, "signature": "[0,2,14,14]", "group": "[28,4]", "_id": {"$oid": "579bcacd75d28e4971d3f5ce"}}, {"passport_label": "6.28-4.0.2-14-14.5", "gen_vectors": [[8, 9, 10, 11, 12, 13, 14, 1, 2, 3, 4, 5, 6, 7, 22, 23, 24, 25, 26, 27, 28, 15, 16, 17, 18, 19, 20, 21], [19, 20, 21, 15, 16, 17, 18, 26, 27, 28, 22, 23, 24, 25, 5, 6, 7, 1, 2, 3, 4, 12, 13, 14, 8, 9, 10, 11], [25, 26, 27, 28, 22, 23, 24, 18, 19, 20, 21, 15, 16, 17, 11, 12, 13, 14, 8, 9, 10, 4, 5, 6, 7, 1, 2, 3]], "total_label": "6.28-4.0.2-14-14.5.1", "cc": [5, 1], "label": "6.28-4.0.2-14-14", "genus": 6, "signature": "[0,2,14,14]", "group": "[28,4]", "_id": {"$oid": "579bcacd75d28e4971d3f5cf"}}, {"passport_label": "6.28-4.0.2-14-14.6", "gen_vectors": [[8, 9, 10, 11, 12, 13, 14, 1, 2, 3, 4, 5, 6, 7, 22, 23, 24, 25, 26, 27, 28, 15, 16, 17, 18, 19, 20, 21], [21, 15, 16, 17, 18, 19, 20, 28, 22, 23, 24, 25, 26, 27, 7, 1, 2, 3, 4, 5, 6, 14, 8, 9, 10, 11, 12, 13], [23, 24, 25, 26, 27, 28, 22, 16, 17, 18, 19, 20, 21, 15, 9, 10, 11, 12, 13, 14, 8, 2, 3, 4, 5, 6, 7, 1]], "total_label": "6.28-4.0.2-14-14.6.1", "cc": [6, 1], "label": "6.28-4.0.2-14-14", "genus": 6, "signature": "[0,2,14,14]", "group": "[28,4]", "_id": {"$oid": "579bcace75d28e4971d3f5d0"}}, {"passport_label": "6.28-4.0.2-14-14.7", "gen_vectors": [[15, 16, 17, 18, 19, 20, 21, 22, 23, 24, 25, 26, 27, 28, 1, 2, 3, 4, 5, 6, 7, 8, 9, 10, 11, 12, 13, 14], [9, 10, 11, 12, 13, 14, 8, 2, 3, 4, 5, 6, 7, 1, 23, 24, 25, 26, 27, 28, 22, 16, 17, 18, 19, 20, 21, 15], [28, 22, 23, 24, 25, 26, 27, 21, 15, 16, 17, 18, 19, 20, 14, 8, 9, 10, 11, 12, 13, 7, 1, 2, 3, 4, 5, 6]], "total_label": "6.28-4.0.2-14-14.7.1", "cc": [7, 1], "label": "6.28-4.0.2-14-14", "genus": 6, "signature": "[0,2,14,14]", "group": "[28,4]", "_id": {"$oid": "579bcace75d28e4971d3f5d1"}}, {"passport_label": "6.28-4.0.2-14-14.8", "gen_vectors": [[15, 16, 17, 18, 19, 20, 21, 22, 23, 24, 25, 26, 27, 28, 1, 2, 3, 4, 5, 6, 7, 8, 9, 10, 11, 12, 13, 14], [11, 12, 13, 14, 8, 9, 10, 4, 5, 6, 7, 1, 2, 3, 25, 26, 27, 28, 22, 23, 24, 18, 19, 20, 21, 15, 16, 17], [26, 27, 28, 22, 23, 24, 25, 19, 20, 21, 15, 16, 17, 18, 12, 13, 14, 8, 9, 10, 11, 5, 6, 7, 1, 2, 3, 4]], "total_label": "6.28-4.0.2-14-14.8.1", "cc": [8, 1], "label": "6.28-4.0.2-14-14", "genus": 6, "signature": "[0,2,14,14]", "group": "[28,4]", "_id": {"$oid": "579bcacf75d28e4971d3f5d2"}}, {"passport_label": "6.28-4.0.2-14-14.9", "gen_vectors": [[15, 16, 17, 18, 19, 20, 21, 22, 23, 24, 25, 26, 27, 28, 1, 2, 3, 4, 5, 6, 7, 8, 9, 10, 11, 12, 13, 14], [13, 14, 8, 9, 10, 11, 12, 6, 7, 1, 2, 3, 4, 5, 27, 28, 22, 23, 24, 25, 26, 20, 21, 15, 16, 17, 18, 19], [24, 25, 26, 27, 28, 22, 23, 17, 18, 19, 20, 21, 15, 16, 10, 11, 12, 13, 14, 8, 9, 3, 4, 5, 6, 7, 1, 2]], "total_label": "6.28-4.0.2-14-14.9.1", "cc": [9, 1], "label": "6.28-4.0.2-14-14", "genus": 6, "signature": "[0,2,14,14]", "group": "[28,4]", "_id": {"$oid": "579bcacf75d28e4971d3f5d3"}}, {"passport_label": "6.28-4.0.2-14-14.10", "gen_vectors": [[15, 16, 17, 18, 19, 20, 21, 22, 23, 24, 25, 26, 27, 28, 1, 2, 3, 4, 5, 6, 7, 8, 9, 10, 11, 12, 13, 14], [10, 11, 12, 13, 14, 8, 9, 3, 4, 5, 6, 7, 1, 2, 24, 25, 26, 27, 28, 22, 23, 17, 18, 19, 20, 21, 15, 16], [27, 28, 22, 23, 24, 25, 26, 20, 21, 15, 16, 17, 18, 19, 13, 14, 8, 9, 10, 11, 12, 6, 7, 1, 2, 3, 4, 5]], "total_label": "6.28-4.0.2-14-14.10.1", "cc": [10, 1], "label": "6.28-4.0.2-14-14", "genus": 6, "signature": "[0,2,14,14]", "group": "[28,4]", "_id": {"$oid": "579bcad075d28e4971d3f5d4"}}, {"passport_label": "6.28-4.0.2-14-14.11", "gen_vectors": [[15, 16, 17, 18, 19, 20, 21, 22, 23, 24, 25, 26, 27, 28, 1, 2, 3, 4, 5, 6, 7, 8, 9, 10, 11, 12, 13, 14], [12, 13, 14, 8, 9, 10, 11, 5, 6, 7, 1, 2, 3, 4, 26, 27, 28, 22, 23, 24, 25, 19, 20, 21, 15, 16, 17, 18], [25, 26, 27, 28, 22, 23, 24, 18, 19, 20, 21, 15, 16, 17, 11, 12, 13, 14, 8, 9, 10, 4, 5, 6, 7, 1, 2, 3]], "total_label": "6.28-4.0.2-14-14.11.1", "cc": [11, 1], "label": "6.28-4.0.2-14-14", "genus": 6, "signature": "[0,2,14,14]", "group": "[28,4]", "_id": {"$oid": "579bcad075d28e4971d3f5d5"}}, {"passport_label": "6.28-4.0.2-14-14.12", "gen_vectors": [[15, 16, 17, 18, 19, 20, 21, 22, 23, 24, 25, 26, 27, 28, 1, 2, 3, 4, 5, 6, 7, 8, 9, 10, 11, 12, 13, 14], [14, 8, 9, 10, 11, 12, 13, 7, 1, 2, 3, 4, 5, 6, 28, 22, 23, 24, 25, 26, 27, 21, 15, 16, 17, 18, 19, 20], [23, 24, 25, 26, 27, 28, 22, 16, 17, 18, 19, 20, 21, 15, 9, 10, 11, 12, 13, 14, 8, 2, 3, 4, 5, 6, 7, 1]], "total_label": "6.28-4.0.2-14-14.12.1", "cc": [12, 1], "label": "6.28-4.0.2-14-14", "genus": 6, "signature": "[0,2,14,14]", "group": "[28,4]", "_id": {"$oid": "579bcad175d28e4971d3f5d6"}}, {"passport_label": "6.28-4.0.2-14-14.13", "gen_vectors": [[22, 23, 24, 25, 26, 27, 28, 15, 16, 17, 18, 19, 20, 21, 8, 9, 10, 11, 12, 13, 14, 1, 2, 3, 4, 5, 6, 7], [9, 10, 11, 12, 13, 14, 8, 2, 3, 4, 5, 6, 7, 1, 23, 24, 25, 26, 27, 28, 22, 16, 17, 18, 19, 20, 21, 15], [21, 15, 16, 17, 18, 19, 20, 28, 22, 23, 24, 25, 26, 27, 7, 1, 2, 3, 4, 5, 6, 14, 8, 9, 10, 11, 12, 13]], "total_label": "6.28-4.0.2-14-14.13.1", "cc": [13, 1], "label": "6.28-4.0.2-14-14", "genus": 6, "signature": "[0,2,14,14]", "group": "[28,4]", "_id": {"$oid": "579bcad175d28e4971d3f5d7"}}, {"passport_label": "6.28-4.0.2-14-14.14", "gen_vectors": [[22, 23, 24, 25, 26, 27, 28, 15, 16, 17, 18, 19, 20, 21, 8, 9, 10, 11, 12, 13, 14, 1, 2, 3, 4, 5, 6, 7], [11, 12, 13, 14, 8, 9, 10, 4, 5, 6, 7, 1, 2, 3, 25, 26, 27, 28, 22, 23, 24, 18, 19, 20, 21, 15, 16, 17], [19, 20, 21, 15, 16, 17, 18, 26, 27, 28, 22, 23, 24, 25, 5, 6, 7, 1, 2, 3, 4, 12, 13, 14, 8, 9, 10, 11]], "total_label": "6.28-4.0.2-14-14.14.1", "cc": [14, 1], "label": "6.28-4.0.2-14-14", "genus": 6, "signature": "[0,2,14,14]", "group": "[28,4]", "_id": {"$oid": "579bcad275d28e4971d3f5d8"}}, {"passport_label": "6.28-4.0.2-14-14.15", "gen_vectors": [[22, 23, 24, 25, 26, 27, 28, 15, 16, 17, 18, 19, 20, 21, 8, 9, 10, 11, 12, 13, 14, 1, 2, 3, 4, 5, 6, 7], [13, 14, 8, 9, 10, 11, 12, 6, 7, 1, 2, 3, 4, 5, 27, 28, 22, 23, 24, 25, 26, 20, 21, 15, 16, 17, 18, 19], [17, 18, 19, 20, 21, 15, 16, 24, 25, 26, 27, 28, 22, 23, 3, 4, 5, 6, 7, 1, 2, 10, 11, 12, 13, 14, 8, 9]], "total_label": "6.28-4.0.2-14-14.15.1", "cc": [15, 1], "label": "6.28-4.0.2-14-14", "genus": 6, "signature": "[0,2,14,14]", "group": "[28,4]", "_id": {"$oid": "579bcad275d28e4971d3f5d9"}}, {"passport_label": "6.28-4.0.2-14-14.16", "gen_vectors": [[22, 23, 24, 25, 26, 27, 28, 15, 16, 17, 18, 19, 20, 21, 8, 9, 10, 11, 12, 13, 14, 1, 2, 3, 4, 5, 6, 7], [10, 11, 12, 13, 14, 8, 9, 3, 4, 5, 6, 7, 1, 2, 24, 25, 26, 27, 28, 22, 23, 17, 18, 19, 20, 21, 15, 16], [20, 21, 15, 16, 17, 18, 19, 27, 28, 22, 23, 24, 25, 26, 6, 7, 1, 2, 3, 4, 5, 13, 14, 8, 9, 10, 11, 12]], "total_label": "6.28-4.0.2-14-14.16.1", "cc": [16, 1], "label": "6.28-4.0.2-14-14", "genus": 6, "signature": "[0,2,14,14]", "group": "[28,4]", "_id": {"$oid": "579bcad375d28e4971d3f5da"}}, {"passport_label": "6.28-4.0.2-14-14.17", "gen_vectors": [[22, 23, 24, 25, 26, 27, 28, 15, 16, 17, 18, 19, 20, 21, 8, 9, 10, 11, 12, 13, 14, 1, 2, 3, 4, 5, 6, 7], [12, 13, 14, 8, 9, 10, 11, 5, 6, 7, 1, 2, 3, 4, 26, 27, 28, 22, 23, 24, 25, 19, 20, 21, 15, 16, 17, 18], [18, 19, 20, 21, 15, 16, 17, 25, 26, 27, 28, 22, 23, 24, 4, 5, 6, 7, 1, 2, 3, 11, 12, 13, 14, 8, 9, 10]], "total_label": "6.28-4.0.2-14-14.17.1", "cc": [17, 1], "label": "6.28-4.0.2-14-14", "genus": 6, "signature": "[0,2,14,14]", "group": "[28,4]", "_id": {"$oid": "579bcad475d28e4971d3f5db"}}, {"passport_label": "6.28-4.0.2-14-14.18", "gen_vectors": [[22, 23, 24, 25, 26, 27, 28, 15, 16, 17, 18, 19, 20, 21, 8, 9, 10, 11, 12, 13, 14, 1, 2, 3, 4, 5, 6, 7], [14, 8, 9, 10, 11, 12, 13, 7, 1, 2, 3, 4, 5, 6, 28, 22, 23, 24, 25, 26, 27, 21, 15, 16, 17, 18, 19, 20], [16, 17, 18, 19, 20, 21, 15, 23, 24, 25, 26, 27, 28, 22, 2, 3, 4, 5, 6, 7, 1, 9, 10, 11, 12, 13, 14, 8]], "total_label": "6.28-4.0.2-14-14.18.1", "cc": [18, 1], "label": "6.28-4.0.2-14-14", "genus": 6, "signature": "[0,2,14,14]", "group": "[28,4]", "_id": {"$oid": "579bcad475d28e4971d3f5dc"}}]
