[{"passport_label": "6.4-1.0.4-4-4-4-4-4.1", "gen_vectors": [[3, 4, 2, 1], [3, 4, 2, 1], [3, 4, 2, 1], [3, 4, 2, 1], [3, 4, 2, 1], [4, 3, 1, 2]], "total_label": "6.4-1.0.4-4-4-4-4-4.1.1", "cc": [1, 1], "label": "6.4-1.0.4-4-4-4-4-4", "genus": 6, "signature": "[0,4,4,4,4,4,4]", "group": "[4,1]", "_id": {"$oid": "579bc92975d28e4971d3f28a"}}, {"passport_label": "6.4-1.0.4-4-4-4-4-4.2", "gen_vectors": [[3, 4, 2, 1], [3, 4, 2, 1], [3, 4, 2, 1], [4, 3, 1, 2], [4, 3, 1, 2], [4, 3, 1, 2]], "total_label": "6.4-1.0.4-4-4-4-4-4.2.1", "cc": [2, 1], "label": "6.4-1.0.4-4-4-4-4-4", "genus": 6, "signature": "[0,4,4,4,4,4,4]", "group": "[4,1]", "_id": {"$oid": "579bc92a75d28e4971d3f28b"}}, {"passport_label": "6.4-1.0.4-4-4-4-4-4.3", "gen_vectors": [[3, 4, 2, 1], [4, 3, 1, 2], [4, 3, 1, 2], [4, 3, 1, 2], [4, 3, 1, 2], [4, 3, 1, 2]], "total_label": "6.4-1.0.4-4-4-4-4-4.3.1", "cc": [3, 1], "label": "6.4-1.0.4-4-4-4-4-4", "genus": 6, "signature": "[0,4,4,4,4,4,4]", "group": "[4,1]", "_id": {"$oid": "579bc92a75d28e4971d3f28c"}}]
[{"passport_label": "6.8-3.0.2-2-2-2-2-4.2", "gen_vectors": [[2, 1, 4, 3, 6, 5, 8, 7], [3, 4, 1, 2, 7, 8, 5, 6], [3, 4, 1, 2, 7, 8, 5, 6], [3, 4, 1, 2, 7, 8, 5, 6], [5, 6, 8, 7, 1, 2, 4, 3], [8, 7, 5, 6, 4, 3, 1, 2]], "total_label": "6.8-3.0.2-2-2-2-2-4.2.1", "cc": [2, 1], "label": "6.8-3.0.2-2-2-2-2-4", "genus": 6, "signature": "[0,2,2,2,2,2,4]", "group": "[8,3]", "_id": {"$oid": "579bc96d75d28e4971d3f311"}}, {"passport_label": "6.8-3.0.2-2-2-2-2-4.2", "gen_vectors": [[2, 1, 4, 3, 6, 5, 8, 7], [3, 4, 1, 2, 7, 8, 5, 6], [3, 4, 1, 2, 7, 8, 5, 6], [4, 3, 2, 1, 8, 7, 6, 5], [5, 6, 8, 7, 1, 2, 4, 3], [7, 8, 6, 5, 3, 4, 2, 1]], "total_label": "6.8-3.0.2-2-2-2-2-4.2.2", "cc": [2, 2], "label": "6.8-3.0.2-2-2-2-2-4", "genus": 6, "signature": "[0,2,2,2,2,2,4]", "group": "[8,3]", "_id": {"$oid": "579bc96e75d28e4971d3f312"}}, {"passport_label": "6.8-3.0.2-2-2-2-2-4.2", "gen_vectors": [[2, 1, 4, 3, 6, 5, 8, 7], [3, 4, 1, 2, 7, 8, 5, 6], [4, 3, 2, 1, 8, 7, 6, 5], [3, 4, 1, 2, 7, 8, 5, 6], [5, 6, 8, 7, 1, 2, 4, 3], [7, 8, 6, 5, 3, 4, 2, 1]], "total_label": "6.8-3.0.2-2-2-2-2-4.2.3", "cc": [2, 3], "label": "6.8-3.0.2-2-2-2-2-4", "genus": 6, "signature": "[0,2,2,2,2,2,4]", "group": "[8,3]", "_id": {"$oid": "579bc96e75d28e4971d3f313"}}, {"passport_label": "6.8-3.0.2-2-2-2-2-4.2", "gen_vectors": [[2, 1, 4, 3, 6, 5, 8, 7], [3, 4, 1, 2, 7, 8, 5, 6], [4, 3, 2, 1, 8, 7, 6, 5], [4, 3, 2, 1, 8, 7, 6, 5], [5, 6, 8, 7, 1, 2, 4, 3], [8, 7, 5, 6, 4, 3, 1, 2]], "total_label": "6.8-3.0.2-2-2-2-2-4.2.4", "cc": [2, 4], "label": "6.8-3.0.2-2-2-2-2-4", "genus": 6, "signature": "[0,2,2,2,2,2,4]", "group": "[8,3]", "_id": {"$oid": "579bc96f75d28e4971d3f314"}}, {"passport_label": "6.8-3.0.2-2-2-2-2-4.3", "gen_vectors": [[2, 1, 4, 3, 6, 5, 8, 7], [3, 4, 1, 2, 7, 8, 5, 6], [5, 6, 8, 7, 1, 2, 4, 3], [5, 6, 8, 7, 1, 2, 4, 3], [5, 6, 8, 7, 1, 2, 4, 3], [8, 7, 5, 6, 4, 3, 1, 2]], "total_label": "6.8-3.0.2-2-2-2-2-4.3.1", "cc": [3, 1], "label": "6.8-3.0.2-2-2-2-2-4", "genus": 6, "signature": "[0,2,2,2,2,2,4]", "group": "[8,3]", "_id": {"$oid": "579bc96f75d28e4971d3f315"}}, {"passport_label": "6.8-3.0.2-2-2-2-2-4.3", "gen_vectors": [[2, 1, 4, 3, 6, 5, 8, 7], [3, 4, 1, 2, 7, 8, 5, 6], [5, 6, 8, 7, 1, 2, 4, 3], [5, 6, 8, 7, 1, 2, 4, 3], [6, 5, 7, 8, 2, 1, 3, 4], [7, 8, 6, 5, 3, 4, 2, 1]], "total_label": "6.8-3.0.2-2-2-2-2-4.3.2", "cc": [3, 2], "label": "6.8-3.0.2-2-2-2-2-4", "genus": 6, "signature": "[0,2,2,2,2,2,4]", "group": "[8,3]", "_id": {"$oid": "579bc97075d28e4971d3f316"}}, {"passport_label": "6.8-3.0.2-2-2-2-2-4.3", "gen_vectors": [[2, 1, 4, 3, 6, 5, 8, 7], [3, 4, 1, 2, 7, 8, 5, 6], [5, 6, 8, 7, 1, 2, 4, 3], [6, 5, 7, 8, 2, 1, 3, 4], [5, 6, 8, 7, 1, 2, 4, 3], [7, 8, 6, 5, 3, 4, 2, 1]], "total_label": "6.8-3.0.2-2-2-2-2-4.3.3", "cc": [3, 3], "label": "6.8-3.0.2-2-2-2-2-4", "genus": 6, "signature": "[0,2,2,2,2,2,4]", "group": "[8,3]", "_id": {"$oid": "579bc97075d28e4971d3f317"}}, {"passport_label": "6.8-3.0.2-2-2-2-2-4.3", "gen_vectors": [[2, 1, 4, 3, 6, 5, 8, 7], [3, 4, 1, 2, 7, 8, 5, 6], [5, 6, 8, 7, 1, 2, 4, 3], [6, 5, 7, 8, 2, 1, 3, 4], [6, 5, 7, 8, 2, 1, 3, 4], [8, 7, 5, 6, 4, 3, 1, 2]], "total_label": "6.8-3.0.2-2-2-2-2-4.3.4", "cc": [3, 4], "label": "6.8-3.0.2-2-2-2-2-4", "genus": 6, "signature": "[0,2,2,2,2,2,4]", "group": "[8,3]", "_id": {"$oid": "579bc97175d28e4971d3f318"}}, {"passport_label": "6.8-3.0.2-2-2-2-2-4.1", "gen_vectors": [[2, 1, 4, 3, 6, 5, 8, 7], [2, 1, 4, 3, 6, 5, 8, 7], [2, 1, 4, 3, 6, 5, 8, 7], [3, 4, 1, 2, 7, 8, 5, 6], [5, 6, 8, 7, 1, 2, 4, 3], [8, 7, 5, 6, 4, 3, 1, 2]], "total_label": "6.8-3.0.2-2-2-2-2-4.1.1", "cc": [1, 1], "signature": "[0,2,2,2,2,2,4]", "label": "6.8-3.0.2-2-2-2-2-4", "genus": 6, "group": "[8,3]", "_id": {"$oid": "579bc96d75d28e4971d3f310"}}]
[{"passport_label": "6.12-1.0.2-4-4-6.1", "gen_vectors": [[4, 5, 6, 1, 2, 3, 10, 11, 12, 7, 8, 9], [7, 9, 8, 10, 12, 11, 4, 6, 5, 1, 3, 2], [12, 11, 10, 9, 8, 7, 3, 2, 1, 6, 5, 4], [5, 6, 4, 2, 3, 1, 11, 12, 10, 8, 9, 7]], "total_label": "6.12-1.0.2-4-4-6.1.1", "cc": [1, 1], "signature": "[0,2,4,4,6]", "label": "6.12-1.0.2-4-4-6", "genus": 6, "group": "[12,1]", "_id": {"$oid": "579bca3375d28e4971d3f49a"}}]
[{"passport_label": "6.14-1.0.2-2-7-7.2", "gen_vectors": [[8, 14, 13, 12, 11, 10, 9, 1, 7, 6, 5, 4, 3, 2], [12, 11, 10, 9, 8, 14, 13, 5, 4, 3, 2, 1, 7, 6], [2, 3, 4, 5, 6, 7, 1, 9, 10, 11, 12, 13, 14, 8], [3, 4, 5, 6, 7, 1, 2, 10, 11, 12, 13, 14, 8, 9]], "total_label": "6.14-1.0.2-2-7-7.2.1", "cc": [2, 1], "label": "6.14-1.0.2-2-7-7", "genus": 6, "signature": "[0,2,2,7,7]", "group": "[14,1]", "_id": {"$oid": "579bca3e75d28e4971d3f4b1"}}, {"passport_label": "6.14-1.0.2-2-7-7.2", "gen_vectors": [[8, 14, 13, 12, 11, 10, 9, 1, 7, 6, 5, 4, 3, 2], [14, 13, 12, 11, 10, 9, 8, 7, 6, 5, 4, 3, 2, 1], [7, 1, 2, 3, 4, 5, 6, 14, 8, 9, 10, 11, 12, 13], [3, 4, 5, 6, 7, 1, 2, 10, 11, 12, 13, 14, 8, 9]], "total_label": "6.14-1.0.2-2-7-7.2.2", "cc": [2, 2], "label": "6.14-1.0.2-2-7-7", "genus": 6, "signature": "[0,2,2,7,7]", "group": "[14,1]", "_id": {"$oid": "579bca3e75d28e4971d3f4b2"}}, {"passport_label": "6.14-1.0.2-2-7-7.3", "gen_vectors": [[8, 14, 13, 12, 11, 10, 9, 1, 7, 6, 5, 4, 3, 2], [10, 9, 8, 14, 13, 12, 11, 3, 2, 1, 7, 6, 5, 4], [2, 3, 4, 5, 6, 7, 1, 9, 10, 11, 12, 13, 14, 8], [5, 6, 7, 1, 2, 3, 4, 12, 13, 14, 8, 9, 10, 11]], "total_label": "6.14-1.0.2-2-7-7.3.1", "cc": [3, 1], "label": "6.14-1.0.2-2-7-7", "genus": 6, "signature": "[0,2,2,7,7]", "group": "[14,1]", "_id": {"$oid": "579bca3f75d28e4971d3f4b3"}}, {"passport_label": "6.14-1.0.2-2-7-7.3", "gen_vectors": [[8, 14, 13, 12, 11, 10, 9, 1, 7, 6, 5, 4, 3, 2], [12, 11, 10, 9, 8, 14, 13, 5, 4, 3, 2, 1, 7, 6], [7, 1, 2, 3, 4, 5, 6, 14, 8, 9, 10, 11, 12, 13], [5, 6, 7, 1, 2, 3, 4, 12, 13, 14, 8, 9, 10, 11]], "total_label": "6.14-1.0.2-2-7-7.3.2", "cc": [3, 2], "label": "6.14-1.0.2-2-7-7", "genus": 6, "signature": "[0,2,2,7,7]", "group": "[14,1]", "_id": {"$oid": "579bca3f75d28e4971d3f4b4"}}, {"passport_label": "6.14-1.0.2-2-7-7.5", "gen_vectors": [[8, 14, 13, 12, 11, 10, 9, 1, 7, 6, 5, 4, 3, 2], [10, 9, 8, 14, 13, 12, 11, 3, 2, 1, 7, 6, 5, 4], [3, 4, 5, 6, 7, 1, 2, 10, 11, 12, 13, 14, 8, 9], [4, 5, 6, 7, 1, 2, 3, 11, 12, 13, 14, 8, 9, 10]], "total_label": "6.14-1.0.2-2-7-7.5.1", "cc": [5, 1], "label": "6.14-1.0.2-2-7-7", "genus": 6, "signature": "[0,2,2,7,7]", "group": "[14,1]", "_id": {"$oid": "579bca4075d28e4971d3f4b5"}}, {"passport_label": "6.14-1.0.2-2-7-7.5", "gen_vectors": [[8, 14, 13, 12, 11, 10, 9, 1, 7, 6, 5, 4, 3, 2], [14, 13, 12, 11, 10, 9, 8, 7, 6, 5, 4, 3, 2, 1], [6, 7, 1, 2, 3, 4, 5, 13, 14, 8, 9, 10, 11, 12], [4, 5, 6, 7, 1, 2, 3, 11, 12, 13, 14, 8, 9, 10]], "total_label": "6.14-1.0.2-2-7-7.5.2", "cc": [5, 2], "label": "6.14-1.0.2-2-7-7", "genus": 6, "signature": "[0,2,2,7,7]", "group": "[14,1]", "_id": {"$oid": "579bca4075d28e4971d3f4b6"}}, {"passport_label": "6.14-1.0.2-2-7-7.1", "gen_vectors": [[8, 14, 13, 12, 11, 10, 9, 1, 7, 6, 5, 4, 3, 2], [8, 14, 13, 12, 11, 10, 9, 1, 7, 6, 5, 4, 3, 2], [2, 3, 4, 5, 6, 7, 1, 9, 10, 11, 12, 13, 14, 8], [7, 1, 2, 3, 4, 5, 6, 14, 8, 9, 10, 11, 12, 13]], "total_label": "6.14-1.0.2-2-7-7.1.1", "cc": [1, 1], "label": "6.14-1.0.2-2-7-7", "genus": 6, "signature": "[0,2,2,7,7]", "group": "[14,1]", "_id": {"$oid": "579bca9475d28e4971d3f560"}}, {"passport_label": "6.14-1.0.2-2-7-7.1", "gen_vectors": [[8, 14, 13, 12, 11, 10, 9, 1, 7, 6, 5, 4, 3, 2], [10, 9, 8, 14, 13, 12, 11, 3, 2, 1, 7, 6, 5, 4], [7, 1, 2, 3, 4, 5, 6, 14, 8, 9, 10, 11, 12, 13], [7, 1, 2, 3, 4, 5, 6, 14, 8, 9, 10, 11, 12, 13]], "total_label": "6.14-1.0.2-2-7-7.1.2", "cc": [1, 2], "label": "6.14-1.0.2-2-7-7", "genus": 6, "signature": "[0,2,2,7,7]", "group": "[14,1]", "_id": {"$oid": "579bca9575d28e4971d3f561"}}, {"passport_label": "6.14-1.0.2-2-7-7.4", "gen_vectors": [[8, 14, 13, 12, 11, 10, 9, 1, 7, 6, 5, 4, 3, 2], [8, 14, 13, 12, 11, 10, 9, 1, 7, 6, 5, 4, 3, 2], [3, 4, 5, 6, 7, 1, 2, 10, 11, 12, 13, 14, 8, 9], [6, 7, 1, 2, 3, 4, 5, 13, 14, 8, 9, 10, 11, 12]], "total_label": "6.14-1.0.2-2-7-7.4.1", "cc": [4, 1], "label": "6.14-1.0.2-2-7-7", "genus": 6, "signature": "[0,2,2,7,7]", "group": "[14,1]", "_id": {"$oid": "579bca9575d28e4971d3f562"}}, {"passport_label": "6.14-1.0.2-2-7-7.4", "gen_vectors": [[8, 14, 13, 12, 11, 10, 9, 1, 7, 6, 5, 4, 3, 2], [12, 11, 10, 9, 8, 14, 13, 5, 4, 3, 2, 1, 7, 6], [6, 7, 1, 2, 3, 4, 5, 13, 14, 8, 9, 10, 11, 12], [6, 7, 1, 2, 3, 4, 5, 13, 14, 8, 9, 10, 11, 12]], "total_label": "6.14-1.0.2-2-7-7.4.2", "cc": [4, 2], "label": "6.14-1.0.2-2-7-7", "genus": 6, "signature": "[0,2,2,7,7]", "group": "[14,1]", "_id": {"$oid": "579bca9675d28e4971d3f563"}}, {"passport_label": "6.14-1.0.2-2-7-7.6", "gen_vectors": [[8, 14, 13, 12, 11, 10, 9, 1, 7, 6, 5, 4, 3, 2], [8, 14, 13, 12, 11, 10, 9, 1, 7, 6, 5, 4, 3, 2], [4, 5, 6, 7, 1, 2, 3, 11, 12, 13, 14, 8, 9, 10], [5, 6, 7, 1, 2, 3, 4, 12, 13, 14, 8, 9, 10, 11]], "total_label": "6.14-1.0.2-2-7-7.6.1", "cc": [6, 1], "label": "6.14-1.0.2-2-7-7", "genus": 6, "signature": "[0,2,2,7,7]", "group": "[14,1]", "_id": {"$oid": "579bca9675d28e4971d3f564"}}, {"passport_label": "6.14-1.0.2-2-7-7.6", "gen_vectors": [[8, 14, 13, 12, 11, 10, 9, 1, 7, 6, 5, 4, 3, 2], [14, 13, 12, 11, 10, 9, 8, 7, 6, 5, 4, 3, 2, 1], [5, 6, 7, 1, 2, 3, 4, 12, 13, 14, 8, 9, 10, 11], [5, 6, 7, 1, 2, 3, 4, 12, 13, 14, 8, 9, 10, 11]], "total_label": "6.14-1.0.2-2-7-7.6.2", "cc": [6, 2], "label": "6.14-1.0.2-2-7-7", "genus": 6, "signature": "[0,2,2,7,7]", "group": "[14,1]", "_id": {"$oid": "579bca9775d28e4971d3f565"}}]
[{"passport_label": "6.24-8.0.2-2-3-4.1", "gen_vectors": [[7, 8, 9, 10, 11, 12, 1, 2, 3, 4, 5, 6, 19, 20, 21, 22, 23, 24, 13, 14, 15, 16, 17, 18], [13, 15, 14, 16, 18, 17, 22, 24, 23, 19, 21, 20, 1, 3, 2, 4, 6, 5, 10, 12, 11, 7, 9, 8], [2, 3, 1, 5, 6, 4, 8, 9, 7, 11, 12, 10, 14, 15, 13, 17, 18, 16, 20, 21, 19, 23, 24, 22], [20, 19, 21, 23, 22, 24, 17, 16, 18, 14, 13, 15, 8, 7, 9, 11, 10, 12, 5, 4, 6, 2, 1, 3]], "total_label": "6.24-8.0.2-2-3-4.1.1", "cc": [1, 1], "label": "6.24-8.0.2-2-3-4", "genus": 6, "signature": "[0,2,2,3,4]", "group": "[24,8]", "_id": {"$oid": "579bca6075d28e4971d3f4f5"}}, {"passport_label": "6.24-8.0.2-2-3-4.1", "gen_vectors": [[7, 8, 9, 10, 11, 12, 1, 2, 3, 4, 5, 6, 19, 20, 21, 22, 23, 24, 13, 14, 15, 16, 17, 18], [13, 15, 14, 16, 18, 17, 22, 24, 23, 19, 21, 20, 1, 3, 2, 4, 6, 5, 10, 12, 11, 7, 9, 8], [3, 1, 2, 6, 4, 5, 9, 7, 8, 12, 10, 11, 15, 13, 14, 18, 16, 17, 21, 19, 20, 24, 22, 23], [21, 20, 19, 24, 23, 22, 18, 17, 16, 15, 14, 13, 9, 8, 7, 12, 11, 10, 6, 5, 4, 3, 2, 1]], "total_label": "6.24-8.0.2-2-3-4.1.2", "cc": [1, 2], "label": "6.24-8.0.2-2-3-4", "genus": 6, "signature": "[0,2,2,3,4]", "group": "[24,8]", "_id": {"$oid": "579bca6075d28e4971d3f4f6"}}]
[{"passport_label": "6.26-2.0.2-13-26.1", "gen_vectors": [[14, 15, 16, 17, 18, 19, 20, 21, 22, 23, 24, 25, 26, 1, 2, 3, 4, 5, 6, 7, 8, 9, 10, 11, 12, 13], [2, 3, 4, 5, 6, 7, 8, 9, 10, 11, 12, 13, 1, 15, 16, 17, 18, 19, 20, 21, 22, 23, 24, 25, 26, 14], [26, 14, 15, 16, 17, 18, 19, 20, 21, 22, 23, 24, 25, 13, 1, 2, 3, 4, 5, 6, 7, 8, 9, 10, 11, 12]], "total_label": "6.26-2.0.2-13-26.1.1", "cc": [1, 1], "signature": "[0,2,13,26]", "label": "6.26-2.0.2-13-26", "genus": 6, "group": "[26,2]", "_id": {"$oid": "579bca6375d28e4971d3f4fc"}}, {"passport_label": "6.26-2.0.2-13-26.2", "gen_vectors": [[14, 15, 16, 17, 18, 19, 20, 21, 22, 23, 24, 25, 26, 1, 2, 3, 4, 5, 6, 7, 8, 9, 10, 11, 12, 13], [3, 4, 5, 6, 7, 8, 9, 10, 11, 12, 13, 1, 2, 16, 17, 18, 19, 20, 21, 22, 23, 24, 25, 26, 14, 15], [25, 26, 14, 15, 16, 17, 18, 19, 20, 21, 22, 23, 24, 12, 13, 1, 2, 3, 4, 5, 6, 7, 8, 9, 10, 11]], "total_label": "6.26-2.0.2-13-26.2.1", "cc": [2, 1], "signature": "[0,2,13,26]", "label": "6.26-2.0.2-13-26", "genus": 6, "group": "[26,2]", "_id": {"$oid": "579bca6475d28e4971d3f4fd"}}, {"passport_label": "6.26-2.0.2-13-26.3", "gen_vectors": [[14, 15, 16, 17, 18, 19, 20, 21, 22, 23, 24, 25, 26, 1, 2, 3, 4, 5, 6, 7, 8, 9, 10, 11, 12, 13], [4, 5, 6, 7, 8, 9, 10, 11, 12, 13, 1, 2, 3, 17, 18, 19, 20, 21, 22, 23, 24, 25, 26, 14, 15, 16], [24, 25, 26, 14, 15, 16, 17, 18, 19, 20, 21, 22, 23, 11, 12, 13, 1, 2, 3, 4, 5, 6, 7, 8, 9, 10]], "total_label": "6.26-2.0.2-13-26.3.1", "cc": [3, 1], "signature": "[0,2,13,26]", "label": "6.26-2.0.2-13-26", "genus": 6, "group": "[26,2]", "_id": {"$oid": "579bca6475d28e4971d3f4fe"}}, {"passport_label": "6.26-2.0.2-13-26.4", "gen_vectors": [[14, 15, 16, 17, 18, 19, 20, 21, 22, 23, 24, 25, 26, 1, 2, 3, 4, 5, 6, 7, 8, 9, 10, 11, 12, 13], [5, 6, 7, 8, 9, 10, 11, 12, 13, 1, 2, 3, 4, 18, 19, 20, 21, 22, 23, 24, 25, 26, 14, 15, 16, 17], [23, 24, 25, 26, 14, 15, 16, 17, 18, 19, 20, 21, 22, 10, 11, 12, 13, 1, 2, 3, 4, 5, 6, 7, 8, 9]], "total_label": "6.26-2.0.2-13-26.4.1", "cc": [4, 1], "signature": "[0,2,13,26]", "label": "6.26-2.0.2-13-26", "genus": 6, "group": "[26,2]", "_id": {"$oid": "579bca6575d28e4971d3f4ff"}}, {"passport_label": "6.26-2.0.2-13-26.5", "gen_vectors": [[14, 15, 16, 17, 18, 19, 20, 21, 22, 23, 24, 25, 26, 1, 2, 3, 4, 5, 6, 7, 8, 9, 10, 11, 12, 13], [6, 7, 8, 9, 10, 11, 12, 13, 1, 2, 3, 4, 5, 19, 20, 21, 22, 23, 24, 25, 26, 14, 15, 16, 17, 18], [22, 23, 24, 25, 26, 14, 15, 16, 17, 18, 19, 20, 21, 9, 10, 11, 12, 13, 1, 2, 3, 4, 5, 6, 7, 8]], "total_label": "6.26-2.0.2-13-26.5.1", "cc": [5, 1], "signature": "[0,2,13,26]", "label": "6.26-2.0.2-13-26", "genus": 6, "group": "[26,2]", "_id": {"$oid": "579bca6575d28e4971d3f500"}}, {"passport_label": "6.26-2.0.2-13-26.6", "gen_vectors": [[14, 15, 16, 17, 18, 19, 20, 21, 22, 23, 24, 25, 26, 1, 2, 3, 4, 5, 6, 7, 8, 9, 10, 11, 12, 13], [7, 8, 9, 10, 11, 12, 13, 1, 2, 3, 4, 5, 6, 20, 21, 22, 23, 24, 25, 26, 14, 15, 16, 17, 18, 19], [21, 22, 23, 24, 25, 26, 14, 15, 16, 17, 18, 19, 20, 8, 9, 10, 11, 12, 13, 1, 2, 3, 4, 5, 6, 7]], "total_label": "6.26-2.0.2-13-26.6.1", "cc": [6, 1], "signature": "[0,2,13,26]", "label": "6.26-2.0.2-13-26", "genus": 6, "group": "[26,2]", "_id": {"$oid": "579bca6575d28e4971d3f501"}}, {"passport_label": "6.26-2.0.2-13-26.7", "gen_vectors": [[14, 15, 16, 17, 18, 19, 20, 21, 22, 23, 24, 25, 26, 1, 2, 3, 4, 5, 6, 7, 8, 9, 10, 11, 12, 13], [8, 9, 10, 11, 12, 13, 1, 2, 3, 4, 5, 6, 7, 21, 22, 23, 24, 25, 26, 14, 15, 16, 17, 18, 19, 20], [20, 21, 22, 23, 24, 25, 26, 14, 15, 16, 17, 18, 19, 7, 8, 9, 10, 11, 12, 13, 1, 2, 3, 4, 5, 6]], "total_label": "6.26-2.0.2-13-26.7.1", "cc": [7, 1], "signature": "[0,2,13,26]", "label": "6.26-2.0.2-13-26", "genus": 6, "group": "[26,2]", "_id": {"$oid": "579bca6675d28e4971d3f502"}}, {"passport_label": "6.26-2.0.2-13-26.8", "gen_vectors": [[14, 15, 16, 17, 18, 19, 20, 21, 22, 23, 24, 25, 26, 1, 2, 3, 4, 5, 6, 7, 8, 9, 10, 11, 12, 13], [9, 10, 11, 12, 13, 1, 2, 3, 4, 5, 6, 7, 8, 22, 23, 24, 25, 26, 14, 15, 16, 17, 18, 19, 20, 21], [19, 20, 21, 22, 23, 24, 25, 26, 14, 15, 16, 17, 18, 6, 7, 8, 9, 10, 11, 12, 13, 1, 2, 3, 4, 5]], "total_label": "6.26-2.0.2-13-26.8.1", "cc": [8, 1], "signature": "[0,2,13,26]", "label": "6.26-2.0.2-13-26", "genus": 6, "group": "[26,2]", "_id": {"$oid": "579bca6675d28e4971d3f503"}}, {"passport_label": "6.26-2.0.2-13-26.9", "gen_vectors": [[14, 15, 16, 17, 18, 19, 20, 21, 22, 23, 24, 25, 26, 1, 2, 3, 4, 5, 6, 7, 8, 9, 10, 11, 12, 13], [10, 11, 12, 13, 1, 2, 3, 4, 5, 6, 7, 8, 9, 23, 24, 25, 26, 14, 15, 16, 17, 18, 19, 20, 21, 22], [18, 19, 20, 21, 22, 23, 24, 25, 26, 14, 15, 16, 17, 5, 6, 7, 8, 9, 10, 11, 12, 13, 1, 2, 3, 4]], "total_label": "6.26-2.0.2-13-26.9.1", "cc": [9, 1], "signature": "[0,2,13,26]", "label": "6.26-2.0.2-13-26", "genus": 6, "group": "[26,2]", "_id": {"$oid": "579bca6775d28e4971d3f504"}}, {"passport_label": "6.26-2.0.2-13-26.10", "gen_vectors": [[14, 15, 16, 17, 18, 19, 20, 21, 22, 23, 24, 25, 26, 1, 2, 3, 4, 5, 6, 7, 8, 9, 10, 11, 12, 13], [11, 12, 13, 1, 2, 3, 4, 5, 6, 7, 8, 9, 10, 24, 25, 26, 14, 15, 16, 17, 18, 19, 20, 21, 22, 23], [17, 18, 19, 20, 21, 22, 23, 24, 25, 26, 14, 15, 16, 4, 5, 6, 7, 8, 9, 10, 11, 12, 13, 1, 2, 3]], "total_label": "6.26-2.0.2-13-26.10.1", "cc": [10, 1], "signature": "[0,2,13,26]", "label": "6.26-2.0.2-13-26", "genus": 6, "group": "[26,2]", "_id": {"$oid": "579bca6775d28e4971d3f505"}}, {"passport_label": "6.26-2.0.2-13-26.11", "gen_vectors": [[14, 15, 16, 17, 18, 19, 20, 21, 22, 23, 24, 25, 26, 1, 2, 3, 4, 5, 6, 7, 8, 9, 10, 11, 12, 13], [12, 13, 1, 2, 3, 4, 5, 6, 7, 8, 9, 10, 11, 25, 26, 14, 15, 16, 17, 18, 19, 20, 21, 22, 23, 24], [16, 17, 18, 19, 20, 21, 22, 23, 24, 25, 26, 14, 15, 3, 4, 5, 6, 7, 8, 9, 10, 11, 12, 13, 1, 2]], "total_label": "6.26-2.0.2-13-26.11.1", "cc": [11, 1], "signature": "[0,2,13,26]", "label": "6.26-2.0.2-13-26", "genus": 6, "group": "[26,2]", "_id": {"$oid": "579bca6875d28e4971d3f506"}}, {"passport_label": "6.26-2.0.2-13-26.12", "gen_vectors": [[14, 15, 16, 17, 18, 19, 20, 21, 22, 23, 24, 25, 26, 1, 2, 3, 4, 5, 6, 7, 8, 9, 10, 11, 12, 13], [13, 1, 2, 3, 4, 5, 6, 7, 8, 9, 10, 11, 12, 26, 14, 15, 16, 17, 18, 19, 20, 21, 22, 23, 24, 25], [15, 16, 17, 18, 19, 20, 21, 22, 23, 24, 25, 26, 14, 2, 3, 4, 5, 6, 7, 8, 9, 10, 11, 12, 13, 1]], "total_label": "6.26-2.0.2-13-26.12.1", "cc": [12, 1], "signature": "[0,2,13,26]", "label": "6.26-2.0.2-13-26", "genus": 6, "group": "[26,2]", "_id": {"$oid": "579bca6875d28e4971d3f507"}}]
[{"passport_label": "6.14-2.0.2-2-7-7.1", "gen_vectors": [[8, 9, 10, 11, 12, 13, 14, 1, 2, 3, 4, 5, 6, 7], [8, 9, 10, 11, 12, 13, 14, 1, 2, 3, 4, 5, 6, 7], [2, 3, 4, 5, 6, 7, 1, 9, 10, 11, 12, 13, 14, 8], [7, 1, 2, 3, 4, 5, 6, 14, 8, 9, 10, 11, 12, 13]], "total_label": "6.14-2.0.2-2-7-7.1.1", "cc": [1, 1], "label": "6.14-2.0.2-2-7-7", "genus": 6, "signature": "[0,2,2,7,7]", "group": "[14,2]", "_id": {"$oid": "579bca9775d28e4971d3f566"}}, {"passport_label": "6.14-2.0.2-2-7-7.2", "gen_vectors": [[8, 9, 10, 11, 12, 13, 14, 1, 2, 3, 4, 5, 6, 7], [8, 9, 10, 11, 12, 13, 14, 1, 2, 3, 4, 5, 6, 7], [3, 4, 5, 6, 7, 1, 2, 10, 11, 12, 13, 14, 8, 9], [6, 7, 1, 2, 3, 4, 5, 13, 14, 8, 9, 10, 11, 12]], "total_label": "6.14-2.0.2-2-7-7.2.1", "cc": [2, 1], "label": "6.14-2.0.2-2-7-7", "genus": 6, "signature": "[0,2,2,7,7]", "group": "[14,2]", "_id": {"$oid": "579bca9875d28e4971d3f567"}}, {"passport_label": "6.14-2.0.2-2-7-7.3", "gen_vectors": [[8, 9, 10, 11, 12, 13, 14, 1, 2, 3, 4, 5, 6, 7], [8, 9, 10, 11, 12, 13, 14, 1, 2, 3, 4, 5, 6, 7], [4, 5, 6, 7, 1, 2, 3, 11, 12, 13, 14, 8, 9, 10], [5, 6, 7, 1, 2, 3, 4, 12, 13, 14, 8, 9, 10, 11]], "total_label": "6.14-2.0.2-2-7-7.3.1", "cc": [3, 1], "label": "6.14-2.0.2-2-7-7", "genus": 6, "signature": "[0,2,2,7,7]", "group": "[14,2]", "_id": {"$oid": "579bca9875d28e4971d3f568"}}]
[{"passport_label": "6.75-2.0.3-3-5.1", "gen_vectors": [[26, 34, 37, 45, 48, 33, 36, 44, 47, 30, 40, 43, 46, 29, 32, 42, 50, 28, 31, 39, 49, 27, 35, 38, 41, 51, 59, 62, 70, 73, 58, 61, 69, 72, 55, 65, 68, 71, 54, 57, 67, 75, 53, 56, 64, 74, 52, 60, 63, 66, 1, 9, 12, 20, 23, 8, 11, 19, 22, 5, 15, 18, 21, 4, 7, 17, 25, 3, 6, 14, 24, 2, 10, 13, 16], [73, 69, 65, 56, 52, 61, 57, 53, 74, 70, 54, 75, 66, 62, 58, 67, 63, 59, 55, 71, 60, 51, 72, 68, 64, 23, 19, 15, 6, 2, 11, 7, 3, 24, 20, 4, 25, 16, 12, 8, 17, 13, 9, 5, 21, 10, 1, 22, 18, 14, 48, 44, 40, 31, 27, 36, 32, 28, 49, 45, 29, 50, 41, 37, 33, 42, 38, 34, 30, 46, 35, 26, 47, 43, 39], [9, 10, 6, 7, 8, 14, 15, 11, 12, 13, 19, 20, 16, 17, 18, 24, 25, 21, 22, 23, 4, 5, 1, 2, 3, 34, 35, 31, 32, 33, 39, 40, 36, 37, 38, 44, 45, 41, 42, 43, 49, 50, 46, 47, 48, 29, 30, 26, 27, 28, 59, 60, 56, 57, 58, 64, 65, 61, 62, 63, 69, 70, 66, 67, 68, 74, 75, 71, 72, 73, 54, 55, 51, 52, 53]], "total_label": "6.75-2.0.3-3-5.1.1", "cc": [1, 1], "label": "6.75-2.0.3-3-5", "genus": 6, "signature": "[0,3,3,5]", "group": "[75,2]", "_id": {"$oid": "579bcad675d28e4971d3f5e0"}}, {"passport_label": "6.75-2.0.3-3-5.2", "gen_vectors": [[26, 34, 37, 45, 48, 33, 36, 44, 47, 30, 40, 43, 46, 29, 32, 42, 50, 28, 31, 39, 49, 27, 35, 38, 41, 51, 59, 62, 70, 73, 58, 61, 69, 72, 55, 65, 68, 71, 54, 57, 67, 75, 53, 56, 64, 74, 52, 60, 63, 66, 1, 9, 12, 20, 23, 8, 11, 19, 22, 5, 15, 18, 21, 4, 7, 17, 25, 3, 6, 14, 24, 2, 10, 13, 16], [70, 61, 57, 53, 74, 58, 54, 75, 66, 62, 71, 67, 63, 59, 55, 64, 60, 51, 72, 68, 52, 73, 69, 65, 56, 20, 11, 7, 3, 24, 8, 4, 25, 16, 12, 21, 17, 13, 9, 5, 14, 10, 1, 22, 18, 2, 23, 19, 15, 6, 45, 36, 32, 28, 49, 33, 29, 50, 41, 37, 46, 42, 38, 34, 30, 39, 35, 26, 47, 43, 27, 48, 44, 40, 31], [12, 13, 14, 15, 11, 17, 18, 19, 20, 16, 22, 23, 24, 25, 21, 2, 3, 4, 5, 1, 7, 8, 9, 10, 6, 37, 38, 39, 40, 36, 42, 43, 44, 45, 41, 47, 48, 49, 50, 46, 27, 28, 29, 30, 26, 32, 33, 34, 35, 31, 62, 63, 64, 65, 61, 67, 68, 69, 70, 66, 72, 73, 74, 75, 71, 52, 53, 54, 55, 51, 57, 58, 59, 60, 56]], "total_label": "6.75-2.0.3-3-5.2.1", "cc": [2, 1], "label": "6.75-2.0.3-3-5", "genus": 6, "signature": "[0,3,3,5]", "group": "[75,2]", "_id": {"$oid": "579bcad675d28e4971d3f5e1"}}, {"passport_label": "6.75-2.0.3-3-5.3", "gen_vectors": [[26, 34, 37, 45, 48, 33, 36, 44, 47, 30, 40, 43, 46, 29, 32, 42, 50, 28, 31, 39, 49, 27, 35, 38, 41, 51, 59, 62, 70, 73, 58, 61, 69, 72, 55, 65, 68, 71, 54, 57, 67, 75, 53, 56, 64, 74, 52, 60, 63, 66, 1, 9, 12, 20, 23, 8, 11, 19, 22, 5, 15, 18, 21, 4, 7, 17, 25, 3, 6, 14, 24, 2, 10, 13, 16], [68, 64, 60, 51, 72, 56, 52, 73, 69, 65, 74, 70, 61, 57, 53, 62, 58, 54, 75, 66, 55, 71, 67, 63, 59, 18, 14, 10, 1, 22, 6, 2, 23, 19, 15, 24, 20, 11, 7, 3, 12, 8, 4, 25, 16, 5, 21, 17, 13, 9, 43, 39, 35, 26, 47, 31, 27, 48, 44, 40, 49, 45, 36, 32, 28, 37, 33, 29, 50, 41, 30, 46, 42, 38, 34], [14, 15, 11, 12, 13, 19, 20, 16, 17, 18, 24, 25, 21, 22, 23, 4, 5, 1, 2, 3, 9, 10, 6, 7, 8, 39, 40, 36, 37, 38, 44, 45, 41, 42, 43, 49, 50, 46, 47, 48, 29, 30, 26, 27, 28, 34, 35, 31, 32, 33, 64, 65, 61, 62, 63, 69, 70, 66, 67, 68, 74, 75, 71, 72, 73, 54, 55, 51, 52, 53, 59, 60, 56, 57, 58]], "total_label": "6.75-2.0.3-3-5.3.1", "cc": [3, 1], "label": "6.75-2.0.3-3-5", "genus": 6, "signature": "[0,3,3,5]", "group": "[75,2]", "_id": {"$oid": "579bcad775d28e4971d3f5e2"}}, {"passport_label": "6.75-2.0.3-3-5.4", "gen_vectors": [[26, 34, 37, 45, 48, 33, 36, 44, 47, 30, 40, 43, 46, 29, 32, 42, 50, 28, 31, 39, 49, 27, 35, 38, 41, 51, 59, 62, 70, 73, 58, 61, 69, 72, 55, 65, 68, 71, 54, 57, 67, 75, 53, 56, 64, 74, 52, 60, 63, 66, 1, 9, 12, 20, 23, 8, 11, 19, 22, 5, 15, 18, 21, 4, 7, 17, 25, 3, 6, 14, 24, 2, 10, 13, 16], [72, 68, 64, 60, 51, 65, 56, 52, 73, 69, 53, 74, 70, 61, 57, 66, 62, 58, 54, 75, 59, 55, 71, 67, 63, 22, 18, 14, 10, 1, 15, 6, 2, 23, 19, 3, 24, 20, 11, 7, 16, 12, 8, 4, 25, 9, 5, 21, 17, 13, 47, 43, 39, 35, 26, 40, 31, 27, 48, 44, 28, 49, 45, 36, 32, 41, 37, 33, 29, 50, 34, 30, 46, 42, 38], [10, 6, 7, 8, 9, 15, 11, 12, 13, 14, 20, 16, 17, 18, 19, 25, 21, 22, 23, 24, 5, 1, 2, 3, 4, 35, 31, 32, 33, 34, 40, 36, 37, 38, 39, 45, 41, 42, 43, 44, 50, 46, 47, 48, 49, 30, 26, 27, 28, 29, 60, 56, 57, 58, 59, 65, 61, 62, 63, 64, 70, 66, 67, 68, 69, 75, 71, 72, 73, 74, 55, 51, 52, 53, 54]], "total_label": "6.75-2.0.3-3-5.4.1", "cc": [4, 1], "label": "6.75-2.0.3-3-5", "genus": 6, "signature": "[0,3,3,5]", "group": "[75,2]", "_id": {"$oid": "579bcad775d28e4971d3f5e3"}}, {"passport_label": "6.75-2.0.3-3-5.5", "gen_vectors": [[26, 34, 37, 45, 48, 33, 36, 44, 47, 30, 40, 43, 46, 29, 32, 42, 50, 28, 31, 39, 49, 27, 35, 38, 41, 51, 59, 62, 70, 73, 58, 61, 69, 72, 55, 65, 68, 71, 54, 57, 67, 75, 53, 56, 64, 74, 52, 60, 63, 66, 1, 9, 12, 20, 23, 8, 11, 19, 22, 5, 15, 18, 21, 4, 7, 17, 25, 3, 6, 14, 24, 2, 10, 13, 16], [71, 67, 63, 59, 55, 64, 60, 51, 72, 68, 52, 73, 69, 65, 56, 70, 61, 57, 53, 74, 58, 54, 75, 66, 62, 21, 17, 13, 9, 5, 14, 10, 1, 22, 18, 2, 23, 19, 15, 6, 20, 11, 7, 3, 24, 8, 4, 25, 16, 12, 46, 42, 38, 34, 30, 39, 35, 26, 47, 43, 27, 48, 44, 40, 31, 45, 36, 32, 28, 49, 33, 29, 50, 41, 37], [6, 7, 8, 9, 10, 11, 12, 13, 14, 15, 16, 17, 18, 19, 20, 21, 22, 23, 24, 25, 1, 2, 3, 4, 5, 31, 32, 33, 34, 35, 36, 37, 38, 39, 40, 41, 42, 43, 44, 45, 46, 47, 48, 49, 50, 26, 27, 28, 29, 30, 56, 57, 58, 59, 60, 61, 62, 63, 64, 65, 66, 67, 68, 69, 70, 71, 72, 73, 74, 75, 51, 52, 53, 54, 55]], "total_label": "6.75-2.0.3-3-5.5.1", "cc": [5, 1], "label": "6.75-2.0.3-3-5", "genus": 6, "signature": "[0,3,3,5]", "group": "[75,2]", "_id": {"$oid": "579bcad875d28e4971d3f5e4"}}, {"passport_label": "6.75-2.0.3-3-5.6", "gen_vectors": [[26, 34, 37, 45, 48, 33, 36, 44, 47, 30, 40, 43, 46, 29, 32, 42, 50, 28, 31, 39, 49, 27, 35, 38, 41, 51, 59, 62, 70, 73, 58, 61, 69, 72, 55, 65, 68, 71, 54, 57, 67, 75, 53, 56, 64, 74, 52, 60, 63, 66, 1, 9, 12, 20, 23, 8, 11, 19, 22, 5, 15, 18, 21, 4, 7, 17, 25, 3, 6, 14, 24, 2, 10, 13, 16], [66, 62, 58, 54, 75, 59, 55, 71, 67, 63, 72, 68, 64, 60, 51, 65, 56, 52, 73, 69, 53, 74, 70, 61, 57, 16, 12, 8, 4, 25, 9, 5, 21, 17, 13, 22, 18, 14, 10, 1, 15, 6, 2, 23, 19, 3, 24, 20, 11, 7, 41, 37, 33, 29, 50, 34, 30, 46, 42, 38, 47, 43, 39, 35, 26, 40, 31, 27, 48, 44, 28, 49, 45, 36, 32], [11, 12, 13, 14, 15, 16, 17, 18, 19, 20, 21, 22, 23, 24, 25, 1, 2, 3, 4, 5, 6, 7, 8, 9, 10, 36, 37, 38, 39, 40, 41, 42, 43, 44, 45, 46, 47, 48, 49, 50, 26, 27, 28, 29, 30, 31, 32, 33, 34, 35, 61, 62, 63, 64, 65, 66, 67, 68, 69, 70, 71, 72, 73, 74, 75, 51, 52, 53, 54, 55, 56, 57, 58, 59, 60]], "total_label": "6.75-2.0.3-3-5.6.1", "cc": [6, 1], "label": "6.75-2.0.3-3-5", "genus": 6, "signature": "[0,3,3,5]", "group": "[75,2]", "_id": {"$oid": "579bcad875d28e4971d3f5e5"}}, {"passport_label": "6.75-2.0.3-3-5.7", "gen_vectors": [[26, 34, 37, 45, 48, 33, 36, 44, 47, 30, 40, 43, 46, 29, 32, 42, 50, 28, 31, 39, 49, 27, 35, 38, 41, 51, 59, 62, 70, 73, 58, 61, 69, 72, 55, 65, 68, 71, 54, 57, 67, 75, 53, 56, 64, 74, 52, 60, 63, 66, 1, 9, 12, 20, 23, 8, 11, 19, 22, 5, 15, 18, 21, 4, 7, 17, 25, 3, 6, 14, 24, 2, 10, 13, 16], [61, 57, 53, 74, 70, 54, 75, 66, 62, 58, 67, 63, 59, 55, 71, 60, 51, 72, 68, 64, 73, 69, 65, 56, 52, 11, 7, 3, 24, 20, 4, 25, 16, 12, 8, 17, 13, 9, 5, 21, 10, 1, 22, 18, 14, 23, 19, 15, 6, 2, 36, 32, 28, 49, 45, 29, 50, 41, 37, 33, 42, 38, 34, 30, 46, 35, 26, 47, 43, 39, 48, 44, 40, 31, 27], [16, 17, 18, 19, 20, 21, 22, 23, 24, 25, 1, 2, 3, 4, 5, 6, 7, 8, 9, 10, 11, 12, 13, 14, 15, 41, 42, 43, 44, 45, 46, 47, 48, 49, 50, 26, 27, 28, 29, 30, 31, 32, 33, 34, 35, 36, 37, 38, 39, 40, 66, 67, 68, 69, 70, 71, 72, 73, 74, 75, 51, 52, 53, 54, 55, 56, 57, 58, 59, 60, 61, 62, 63, 64, 65]], "total_label": "6.75-2.0.3-3-5.7.1", "cc": [7, 1], "label": "6.75-2.0.3-3-5", "genus": 6, "signature": "[0,3,3,5]", "group": "[75,2]", "_id": {"$oid": "579bcad975d28e4971d3f5e6"}}, {"passport_label": "6.75-2.0.3-3-5.8", "gen_vectors": [[26, 34, 37, 45, 48, 33, 36, 44, 47, 30, 40, 43, 46, 29, 32, 42, 50, 28, 31, 39, 49, 27, 35, 38, 41, 51, 59, 62, 70, 73, 58, 61, 69, 72, 55, 65, 68, 71, 54, 57, 67, 75, 53, 56, 64, 74, 52, 60, 63, 66, 1, 9, 12, 20, 23, 8, 11, 19, 22, 5, 15, 18, 21, 4, 7, 17, 25, 3, 6, 14, 24, 2, 10, 13, 16], [56, 52, 73, 69, 65, 74, 70, 61, 57, 53, 62, 58, 54, 75, 66, 55, 71, 67, 63, 59, 68, 64, 60, 51, 72, 6, 2, 23, 19, 15, 24, 20, 11, 7, 3, 12, 8, 4, 25, 16, 5, 21, 17, 13, 9, 18, 14, 10, 1, 22, 31, 27, 48, 44, 40, 49, 45, 36, 32, 28, 37, 33, 29, 50, 41, 30, 46, 42, 38, 34, 43, 39, 35, 26, 47], [21, 22, 23, 24, 25, 1, 2, 3, 4, 5, 6, 7, 8, 9, 10, 11, 12, 13, 14, 15, 16, 17, 18, 19, 20, 46, 47, 48, 49, 50, 26, 27, 28, 29, 30, 31, 32, 33, 34, 35, 36, 37, 38, 39, 40, 41, 42, 43, 44, 45, 71, 72, 73, 74, 75, 51, 52, 53, 54, 55, 56, 57, 58, 59, 60, 61, 62, 63, 64, 65, 66, 67, 68, 69, 70]], "total_label": "6.75-2.0.3-3-5.8.1", "cc": [8, 1], "label": "6.75-2.0.3-3-5", "genus": 6, "signature": "[0,3,3,5]", "group": "[75,2]", "_id": {"$oid": "579bcad975d28e4971d3f5e7"}}]
[{"passport_label": "6.21-2.0.3-7-21.1", "gen_vectors": [[8, 9, 10, 11, 12, 13, 14, 15, 16, 17, 18, 19, 20, 21, 1, 2, 3, 4, 5, 6, 7], [2, 3, 4, 5, 6, 7, 1, 9, 10, 11, 12, 13, 14, 8, 16, 17, 18, 19, 20, 21, 15], [21, 15, 16, 17, 18, 19, 20, 7, 1, 2, 3, 4, 5, 6, 14, 8, 9, 10, 11, 12, 13]], "total_label": "6.21-2.0.3-7-21.1.1", "cc": [1, 1], "label": "6.21-2.0.3-7-21", "genus": 6, "signature": "[0,3,7,21]", "group": "[21,2]", "_id": {"$oid": "579bca5975d28e4971d3f4e7"}}, {"passport_label": "6.21-2.0.3-7-21.2", "gen_vectors": [[8, 9, 10, 11, 12, 13, 14, 15, 16, 17, 18, 19, 20, 21, 1, 2, 3, 4, 5, 6, 7], [3, 4, 5, 6, 7, 1, 2, 10, 11, 12, 13, 14, 8, 9, 17, 18, 19, 20, 21, 15, 16], [20, 21, 15, 16, 17, 18, 19, 6, 7, 1, 2, 3, 4, 5, 13, 14, 8, 9, 10, 11, 12]], "total_label": "6.21-2.0.3-7-21.2.1", "cc": [2, 1], "label": "6.21-2.0.3-7-21", "genus": 6, "signature": "[0,3,7,21]", "group": "[21,2]", "_id": {"$oid": "579bca5975d28e4971d3f4e8"}}, {"passport_label": "6.21-2.0.3-7-21.3", "gen_vectors": [[8, 9, 10, 11, 12, 13, 14, 15, 16, 17, 18, 19, 20, 21, 1, 2, 3, 4, 5, 6, 7], [4, 5, 6, 7, 1, 2, 3, 11, 12, 13, 14, 8, 9, 10, 18, 19, 20, 21, 15, 16, 17], [19, 20, 21, 15, 16, 17, 18, 5, 6, 7, 1, 2, 3, 4, 12, 13, 14, 8, 9, 10, 11]], "total_label": "6.21-2.0.3-7-21.3.1", "cc": [3, 1], "label": "6.21-2.0.3-7-21", "genus": 6, "signature": "[0,3,7,21]", "group": "[21,2]", "_id": {"$oid": "579bca5a75d28e4971d3f4e9"}}, {"passport_label": "6.21-2.0.3-7-21.4", "gen_vectors": [[8, 9, 10, 11, 12, 13, 14, 15, 16, 17, 18, 19, 20, 21, 1, 2, 3, 4, 5, 6, 7], [5, 6, 7, 1, 2, 3, 4, 12, 13, 14, 8, 9, 10, 11, 19, 20, 21, 15, 16, 17, 18], [18, 19, 20, 21, 15, 16, 17, 4, 5, 6, 7, 1, 2, 3, 11, 12, 13, 14, 8, 9, 10]], "total_label": "6.21-2.0.3-7-21.4.1", "cc": [4, 1], "label": "6.21-2.0.3-7-21", "genus": 6, "signature": "[0,3,7,21]", "group": "[21,2]", "_id": {"$oid": "579bca5a75d28e4971d3f4ea"}}, {"passport_label": "6.21-2.0.3-7-21.5", "gen_vectors": [[8, 9, 10, 11, 12, 13, 14, 15, 16, 17, 18, 19, 20, 21, 1, 2, 3, 4, 5, 6, 7], [6, 7, 1, 2, 3, 4, 5, 13, 14, 8, 9, 10, 11, 12, 20, 21, 15, 16, 17, 18, 19], [17, 18, 19, 20, 21, 15, 16, 3, 4, 5, 6, 7, 1, 2, 10, 11, 12, 13, 14, 8, 9]], "total_label": "6.21-2.0.3-7-21.5.1", "cc": [5, 1], "label": "6.21-2.0.3-7-21", "genus": 6, "signature": "[0,3,7,21]", "group": "[21,2]", "_id": {"$oid": "579bca5b75d28e4971d3f4eb"}}, {"passport_label": "6.21-2.0.3-7-21.6", "gen_vectors": [[8, 9, 10, 11, 12, 13, 14, 15, 16, 17, 18, 19, 20, 21, 1, 2, 3, 4, 5, 6, 7], [7, 1, 2, 3, 4, 5, 6, 14, 8, 9, 10, 11, 12, 13, 21, 15, 16, 17, 18, 19, 20], [16, 17, 18, 19, 20, 21, 15, 2, 3, 4, 5, 6, 7, 1, 9, 10, 11, 12, 13, 14, 8]], "total_label": "6.21-2.0.3-7-21.6.1", "cc": [6, 1], "label": "6.21-2.0.3-7-21", "genus": 6, "signature": "[0,3,7,21]", "group": "[21,2]", "_id": {"$oid": "579bca5c75d28e4971d3f4ec"}}, {"passport_label": "6.21-2.0.3-7-21.7", "gen_vectors": [[15, 16, 17, 18, 19, 20, 21, 1, 2, 3, 4, 5, 6, 7, 8, 9, 10, 11, 12, 13, 14], [2, 3, 4, 5, 6, 7, 1, 9, 10, 11, 12, 13, 14, 8, 16, 17, 18, 19, 20, 21, 15], [14, 8, 9, 10, 11, 12, 13, 21, 15, 16, 17, 18, 19, 20, 7, 1, 2, 3, 4, 5, 6]], "total_label": "6.21-2.0.3-7-21.7.1", "cc": [7, 1], "label": "6.21-2.0.3-7-21", "genus": 6, "signature": "[0,3,7,21]", "group": "[21,2]", "_id": {"$oid": "579bca5c75d28e4971d3f4ed"}}, {"passport_label": "6.21-2.0.3-7-21.8", "gen_vectors": [[15, 16, 17, 18, 19, 20, 21, 1, 2, 3, 4, 5, 6, 7, 8, 9, 10, 11, 12, 13, 14], [3, 4, 5, 6, 7, 1, 2, 10, 11, 12, 13, 14, 8, 9, 17, 18, 19, 20, 21, 15, 16], [13, 14, 8, 9, 10, 11, 12, 20, 21, 15, 16, 17, 18, 19, 6, 7, 1, 2, 3, 4, 5]], "total_label": "6.21-2.0.3-7-21.8.1", "cc": [8, 1], "label": "6.21-2.0.3-7-21", "genus": 6, "signature": "[0,3,7,21]", "group": "[21,2]", "_id": {"$oid": "579bca5c75d28e4971d3f4ee"}}, {"passport_label": "6.21-2.0.3-7-21.9", "gen_vectors": [[15, 16, 17, 18, 19, 20, 21, 1, 2, 3, 4, 5, 6, 7, 8, 9, 10, 11, 12, 13, 14], [4, 5, 6, 7, 1, 2, 3, 11, 12, 13, 14, 8, 9, 10, 18, 19, 20, 21, 15, 16, 17], [12, 13, 14, 8, 9, 10, 11, 19, 20, 21, 15, 16, 17, 18, 5, 6, 7, 1, 2, 3, 4]], "total_label": "6.21-2.0.3-7-21.9.1", "cc": [9, 1], "label": "6.21-2.0.3-7-21", "genus": 6, "signature": "[0,3,7,21]", "group": "[21,2]", "_id": {"$oid": "579bca5d75d28e4971d3f4ef"}}, {"passport_label": "6.21-2.0.3-7-21.10", "gen_vectors": [[15, 16, 17, 18, 19, 20, 21, 1, 2, 3, 4, 5, 6, 7, 8, 9, 10, 11, 12, 13, 14], [5, 6, 7, 1, 2, 3, 4, 12, 13, 14, 8, 9, 10, 11, 19, 20, 21, 15, 16, 17, 18], [11, 12, 13, 14, 8, 9, 10, 18, 19, 20, 21, 15, 16, 17, 4, 5, 6, 7, 1, 2, 3]], "total_label": "6.21-2.0.3-7-21.10.1", "cc": [10, 1], "label": "6.21-2.0.3-7-21", "genus": 6, "signature": "[0,3,7,21]", "group": "[21,2]", "_id": {"$oid": "579bca5e75d28e4971d3f4f0"}}, {"passport_label": "6.21-2.0.3-7-21.11", "gen_vectors": [[15, 16, 17, 18, 19, 20, 21, 1, 2, 3, 4, 5, 6, 7, 8, 9, 10, 11, 12, 13, 14], [6, 7, 1, 2, 3, 4, 5, 13, 14, 8, 9, 10, 11, 12, 20, 21, 15, 16, 17, 18, 19], [10, 11, 12, 13, 14, 8, 9, 17, 18, 19, 20, 21, 15, 16, 3, 4, 5, 6, 7, 1, 2]], "total_label": "6.21-2.0.3-7-21.11.1", "cc": [11, 1], "label": "6.21-2.0.3-7-21", "genus": 6, "signature": "[0,3,7,21]", "group": "[21,2]", "_id": {"$oid": "579bca5e75d28e4971d3f4f1"}}, {"passport_label": "6.21-2.0.3-7-21.12", "gen_vectors": [[15, 16, 17, 18, 19, 20, 21, 1, 2, 3, 4, 5, 6, 7, 8, 9, 10, 11, 12, 13, 14], [7, 1, 2, 3, 4, 5, 6, 14, 8, 9, 10, 11, 12, 13, 21, 15, 16, 17, 18, 19, 20], [9, 10, 11, 12, 13, 14, 8, 16, 17, 18, 19, 20, 21, 15, 2, 3, 4, 5, 6, 7, 1]], "total_label": "6.21-2.0.3-7-21.12.1", "cc": [12, 1], "label": "6.21-2.0.3-7-21", "genus": 6, "signature": "[0,3,7,21]", "group": "[21,2]", "_id": {"$oid": "579bca5e75d28e4971d3f4f2"}}]
[{"passport_label": "7.8-1.0.2-2-4-8-8.1", "gen_vectors": [[2, 1, 4, 3, 6, 5, 8, 7], [2, 1, 4, 3, 6, 5, 8, 7], [3, 4, 2, 1, 7, 8, 6, 5], [5, 6, 7, 8, 3, 4, 2, 1], [6, 5, 8, 7, 4, 3, 1, 2]], "total_label": "7.8-1.0.2-2-4-8-8.1.1", "cc": [1, 1], "label": "7.8-1.0.2-2-4-8-8", "genus": 7, "signature": "[0,2,2,4,8,8]", "group": "[8,1]", "_id": {"$oid": "579bcda575d28e4971d3f7e6"}}, {"passport_label": "7.8-1.0.2-2-4-8-8.2", "gen_vectors": [[2, 1, 4, 3, 6, 5, 8, 7], [2, 1, 4, 3, 6, 5, 8, 7], [3, 4, 2, 1, 7, 8, 6, 5], [7, 8, 6, 5, 2, 1, 4, 3], [7, 8, 6, 5, 2, 1, 4, 3]], "total_label": "7.8-1.0.2-2-4-8-8.2.1", "cc": [2, 1], "label": "7.8-1.0.2-2-4-8-8", "genus": 7, "signature": "[0,2,2,4,8,8]", "group": "[8,1]", "_id": {"$oid": "579bcda575d28e4971d3f7e7"}}, {"passport_label": "7.8-1.0.2-2-4-8-8.3", "gen_vectors": [[2, 1, 4, 3, 6, 5, 8, 7], [2, 1, 4, 3, 6, 5, 8, 7], [3, 4, 2, 1, 7, 8, 6, 5], [8, 7, 5, 6, 1, 2, 3, 4], [8, 7, 5, 6, 1, 2, 3, 4]], "total_label": "7.8-1.0.2-2-4-8-8.3.1", "cc": [3, 1], "label": "7.8-1.0.2-2-4-8-8", "genus": 7, "signature": "[0,2,2,4,8,8]", "group": "[8,1]", "_id": {"$oid": "579bcda675d28e4971d3f7e8"}}, {"passport_label": "7.8-1.0.2-2-4-8-8.4", "gen_vectors": [[2, 1, 4, 3, 6, 5, 8, 7], [2, 1, 4, 3, 6, 5, 8, 7], [4, 3, 1, 2, 8, 7, 5, 6], [5, 6, 7, 8, 3, 4, 2, 1], [5, 6, 7, 8, 3, 4, 2, 1]], "total_label": "7.8-1.0.2-2-4-8-8.4.1", "cc": [4, 1], "label": "7.8-1.0.2-2-4-8-8", "genus": 7, "signature": "[0,2,2,4,8,8]", "group": "[8,1]", "_id": {"$oid": "579bcda675d28e4971d3f7e9"}}, {"passport_label": "7.8-1.0.2-2-4-8-8.5", "gen_vectors": [[2, 1, 4, 3, 6, 5, 8, 7], [2, 1, 4, 3, 6, 5, 8, 7], [4, 3, 1, 2, 8, 7, 5, 6], [7, 8, 6, 5, 2, 1, 4, 3], [8, 7, 5, 6, 1, 2, 3, 4]], "total_label": "7.8-1.0.2-2-4-8-8.5.1", "cc": [5, 1], "label": "7.8-1.0.2-2-4-8-8", "genus": 7, "signature": "[0,2,2,4,8,8]", "group": "[8,1]", "_id": {"$oid": "579bcda775d28e4971d3f7ea"}}, {"passport_label": "7.8-1.0.2-2-4-8-8.6", "gen_vectors": [[2, 1, 4, 3, 6, 5, 8, 7], [2, 1, 4, 3, 6, 5, 8, 7], [4, 3, 1, 2, 8, 7, 5, 6], [6, 5, 8, 7, 4, 3, 1, 2], [6, 5, 8, 7, 4, 3, 1, 2]], "total_label": "7.8-1.0.2-2-4-8-8.6.1", "cc": [6, 1], "label": "7.8-1.0.2-2-4-8-8", "genus": 7, "signature": "[0,2,2,4,8,8]", "group": "[8,1]", "_id": {"$oid": "579bcda775d28e4971d3f7eb"}}]
