[{"passport_label": "6.6-2.0.2-3-6-6-6.1", "gen_vectors": [[4, 5, 6, 1, 2, 3], [2, 3, 1, 5, 6, 4], [5, 6, 4, 2, 3, 1], [6, 4, 5, 3, 1, 2], [6, 4, 5, 3, 1, 2]], "total_label": "6.6-2.0.2-3-6-6-6.1.1", "cc": [1, 1], "label": "6.6-2.0.2-3-6-6-6", "genus": 6, "signature": "[0,2,3,6,6,6]", "group": "[6,2]", "_id": {"$oid": "579bc93b75d28e4971d3f2aa"}}, {"passport_label": "6.6-2.0.2-3-6-6-6.2", "gen_vectors": [[4, 5, 6, 1, 2, 3], [3, 1, 2, 6, 4, 5], [5, 6, 4, 2, 3, 1], [5, 6, 4, 2, 3, 1], [6, 4, 5, 3, 1, 2]], "total_label": "6.6-2.0.2-3-6-6-6.2.1", "cc": [2, 1], "label": "6.6-2.0.2-3-6-6-6", "genus": 6, "signature": "[0,2,3,6,6,6]", "group": "[6,2]", "_id": {"$oid": "579bc93b75d28e4971d3f2ab"}}]
[{"passport_label": "6.8-3.0.2-2-4-4-4.1", "gen_vectors": [[3, 4, 1, 2, 7, 8, 5, 6], [5, 6, 8, 7, 1, 2, 4, 3], [7, 8, 6, 5, 3, 4, 2, 1], [7, 8, 6, 5, 3, 4, 2, 1], [8, 7, 5, 6, 4, 3, 1, 2]], "total_label": "6.8-3.0.2-2-4-4-4.1.1", "cc": [1, 1], "label": "6.8-3.0.2-2-4-4-4", "genus": 6, "signature": "[0,2,2,4,4,4]", "group": "[8,3]", "_id": {"$oid": "579bc96975d28e4971d3f309"}}, {"passport_label": "6.8-3.0.2-2-4-4-4.1", "gen_vectors": [[3, 4, 1, 2, 7, 8, 5, 6], [5, 6, 8, 7, 1, 2, 4, 3], [7, 8, 6, 5, 3, 4, 2, 1], [8, 7, 5, 6, 4, 3, 1, 2], [7, 8, 6, 5, 3, 4, 2, 1]], "total_label": "6.8-3.0.2-2-4-4-4.1.2", "cc": [1, 2], "label": "6.8-3.0.2-2-4-4-4", "genus": 6, "signature": "[0,2,2,4,4,4]", "group": "[8,3]", "_id": {"$oid": "579bc96a75d28e4971d3f30a"}}, {"passport_label": "6.8-3.0.2-2-4-4-4.1", "gen_vectors": [[3, 4, 1, 2, 7, 8, 5, 6], [5, 6, 8, 7, 1, 2, 4, 3], [8, 7, 5, 6, 4, 3, 1, 2], [7, 8, 6, 5, 3, 4, 2, 1], [7, 8, 6, 5, 3, 4, 2, 1]], "total_label": "6.8-3.0.2-2-4-4-4.1.3", "cc": [1, 3], "label": "6.8-3.0.2-2-4-4-4", "genus": 6, "signature": "[0,2,2,4,4,4]", "group": "[8,3]", "_id": {"$oid": "579bc96b75d28e4971d3f30b"}}, {"passport_label": "6.8-3.0.2-2-4-4-4.1", "gen_vectors": [[3, 4, 1, 2, 7, 8, 5, 6], [5, 6, 8, 7, 1, 2, 4, 3], [8, 7, 5, 6, 4, 3, 1, 2], [8, 7, 5, 6, 4, 3, 1, 2], [8, 7, 5, 6, 4, 3, 1, 2]], "total_label": "6.8-3.0.2-2-4-4-4.1.4", "cc": [1, 4], "label": "6.8-3.0.2-2-4-4-4", "genus": 6, "signature": "[0,2,2,4,4,4]", "group": "[8,3]", "_id": {"$oid": "579bc96b75d28e4971d3f30c"}}]
[{"passport_label": "6.8-1.0.4-4-8-8.1", "gen_vectors": [[3, 4, 2, 1, 7, 8, 6, 5], [3, 4, 2, 1, 7, 8, 6, 5], [5, 6, 7, 8, 3, 4, 2, 1], [7, 8, 6, 5, 2, 1, 4, 3]], "total_label": "6.8-1.0.4-4-8-8.1.1", "cc": [1, 1], "label": "6.8-1.0.4-4-8-8", "genus": 6, "signature": "[0,4,4,8,8]", "group": "[8,1]", "_id": {"$oid": "579bca2975d28e4971d3f488"}}, {"passport_label": "6.8-1.0.4-4-8-8.2", "gen_vectors": [[3, 4, 2, 1, 7, 8, 6, 5], [3, 4, 2, 1, 7, 8, 6, 5], [6, 5, 8, 7, 4, 3, 1, 2], [8, 7, 5, 6, 1, 2, 3, 4]], "total_label": "6.8-1.0.4-4-8-8.2.1", "cc": [2, 1], "label": "6.8-1.0.4-4-8-8", "genus": 6, "signature": "[0,4,4,8,8]", "group": "[8,1]", "_id": {"$oid": "579bca2a75d28e4971d3f489"}}, {"passport_label": "6.8-1.0.4-4-8-8.5", "gen_vectors": [[4, 3, 1, 2, 8, 7, 5, 6], [4, 3, 1, 2, 8, 7, 5, 6], [5, 6, 7, 8, 3, 4, 2, 1], [7, 8, 6, 5, 2, 1, 4, 3]], "total_label": "6.8-1.0.4-4-8-8.5.1", "cc": [5, 1], "label": "6.8-1.0.4-4-8-8", "genus": 6, "signature": "[0,4,4,8,8]", "group": "[8,1]", "_id": {"$oid": "579bca2a75d28e4971d3f48a"}}, {"passport_label": "6.8-1.0.4-4-8-8.6", "gen_vectors": [[4, 3, 1, 2, 8, 7, 5, 6], [4, 3, 1, 2, 8, 7, 5, 6], [6, 5, 8, 7, 4, 3, 1, 2], [8, 7, 5, 6, 1, 2, 3, 4]], "total_label": "6.8-1.0.4-4-8-8.6.1", "cc": [6, 1], "label": "6.8-1.0.4-4-8-8", "genus": 6, "signature": "[0,4,4,8,8]", "group": "[8,1]", "_id": {"$oid": "579bca2b75d28e4971d3f48b"}}, {"passport_label": "6.8-1.0.4-4-8-8.3", "gen_vectors": [[3, 4, 2, 1, 7, 8, 6, 5], [4, 3, 1, 2, 8, 7, 5, 6], [5, 6, 7, 8, 3, 4, 2, 1], [8, 7, 5, 6, 1, 2, 3, 4]], "total_label": "6.8-1.0.4-4-8-8.3.1", "cc": [3, 1], "label": "6.8-1.0.4-4-8-8", "genus": 6, "signature": "[0,4,4,8,8]", "group": "[8,1]", "_id": {"$oid": "579bca8475d28e4971d3f540"}}, {"passport_label": "6.8-1.0.4-4-8-8.4", "gen_vectors": [[3, 4, 2, 1, 7, 8, 6, 5], [4, 3, 1, 2, 8, 7, 5, 6], [7, 8, 6, 5, 2, 1, 4, 3], [6, 5, 8, 7, 4, 3, 1, 2]], "total_label": "6.8-1.0.4-4-8-8.4.1", "cc": [4, 1], "label": "6.8-1.0.4-4-8-8", "genus": 6, "signature": "[0,4,4,8,8]", "group": "[8,1]", "_id": {"$oid": "579bca8475d28e4971d3f541"}}]
[{"passport_label": "6.12-2.0.2-3-4-12.1", "gen_vectors": [[2, 1, 4, 3, 6, 5, 8, 7, 10, 9, 12, 11], [3, 4, 5, 6, 1, 2, 9, 10, 11, 12, 7, 8], [7, 8, 9, 10, 11, 12, 2, 1, 4, 3, 6, 5], [11, 12, 7, 8, 9, 10, 6, 5, 2, 1, 4, 3]], "total_label": "6.12-2.0.2-3-4-12.1.1", "cc": [1, 1], "label": "6.12-2.0.2-3-4-12", "genus": 6, "signature": "[0,2,3,4,12]", "group": "[12,2]", "_id": {"$oid": "579bca3675d28e4971d3f4a1"}}, {"passport_label": "6.12-2.0.2-3-4-12.2", "gen_vectors": [[2, 1, 4, 3, 6, 5, 8, 7, 10, 9, 12, 11], [3, 4, 5, 6, 1, 2, 9, 10, 11, 12, 7, 8], [8, 7, 10, 9, 12, 11, 1, 2, 3, 4, 5, 6], [12, 11, 8, 7, 10, 9, 5, 6, 1, 2, 3, 4]], "total_label": "6.12-2.0.2-3-4-12.2.1", "cc": [2, 1], "label": "6.12-2.0.2-3-4-12", "genus": 6, "signature": "[0,2,3,4,12]", "group": "[12,2]", "_id": {"$oid": "579bca3675d28e4971d3f4a2"}}, {"passport_label": "6.12-2.0.2-3-4-12.3", "gen_vectors": [[2, 1, 4, 3, 6, 5, 8, 7, 10, 9, 12, 11], [5, 6, 1, 2, 3, 4, 11, 12, 7, 8, 9, 10], [7, 8, 9, 10, 11, 12, 2, 1, 4, 3, 6, 5], [9, 10, 11, 12, 7, 8, 4, 3, 6, 5, 2, 1]], "total_label": "6.12-2.0.2-3-4-12.3.1", "cc": [3, 1], "label": "6.12-2.0.2-3-4-12", "genus": 6, "signature": "[0,2,3,4,12]", "group": "[12,2]", "_id": {"$oid": "579bca3775d28e4971d3f4a3"}}, {"passport_label": "6.12-2.0.2-3-4-12.4", "gen_vectors": [[2, 1, 4, 3, 6, 5, 8, 7, 10, 9, 12, 11], [5, 6, 1, 2, 3, 4, 11, 12, 7, 8, 9, 10], [8, 7, 10, 9, 12, 11, 1, 2, 3, 4, 5, 6], [10, 9, 12, 11, 8, 7, 3, 4, 5, 6, 1, 2]], "total_label": "6.12-2.0.2-3-4-12.4.1", "cc": [4, 1], "label": "6.12-2.0.2-3-4-12", "genus": 6, "signature": "[0,2,3,4,12]", "group": "[12,2]", "_id": {"$oid": "579bca3775d28e4971d3f4a4"}}]
[{"passport_label": "6.15-1.0.5-15-15.1", "gen_vectors": [[2, 3, 4, 5, 1, 7, 8, 9, 10, 6, 12, 13, 14, 15, 11], [7, 8, 9, 10, 6, 12, 13, 14, 15, 11, 2, 3, 4, 5, 1], [14, 15, 11, 12, 13, 4, 5, 1, 2, 3, 9, 10, 6, 7, 8]], "total_label": "6.15-1.0.5-15-15.1.1", "cc": [1, 1], "label": "6.15-1.0.5-15-15", "genus": 6, "signature": "[0,5,15,15]", "group": "[15,1]", "_id": {"$oid": "579bca4075d28e4971d3f4b7"}}, {"passport_label": "6.15-1.0.5-15-15.3", "gen_vectors": [[2, 3, 4, 5, 1, 7, 8, 9, 10, 6, 12, 13, 14, 15, 11], [12, 13, 14, 15, 11, 2, 3, 4, 5, 1, 7, 8, 9, 10, 6], [9, 10, 6, 7, 8, 14, 15, 11, 12, 13, 4, 5, 1, 2, 3]], "total_label": "6.15-1.0.5-15-15.3.1", "cc": [3, 1], "label": "6.15-1.0.5-15-15", "genus": 6, "signature": "[0,5,15,15]", "group": "[15,1]", "_id": {"$oid": "579bca4175d28e4971d3f4b8"}}, {"passport_label": "6.15-1.0.5-15-15.4", "gen_vectors": [[3, 4, 5, 1, 2, 8, 9, 10, 6, 7, 13, 14, 15, 11, 12], [7, 8, 9, 10, 6, 12, 13, 14, 15, 11, 2, 3, 4, 5, 1], [13, 14, 15, 11, 12, 3, 4, 5, 1, 2, 8, 9, 10, 6, 7]], "total_label": "6.15-1.0.5-15-15.4.1", "cc": [4, 1], "label": "6.15-1.0.5-15-15", "genus": 6, "signature": "[0,5,15,15]", "group": "[15,1]", "_id": {"$oid": "579bca4275d28e4971d3f4b9"}}, {"passport_label": "6.15-1.0.5-15-15.6", "gen_vectors": [[3, 4, 5, 1, 2, 8, 9, 10, 6, 7, 13, 14, 15, 11, 12], [8, 9, 10, 6, 7, 13, 14, 15, 11, 12, 3, 4, 5, 1, 2], [12, 13, 14, 15, 11, 2, 3, 4, 5, 1, 7, 8, 9, 10, 6]], "total_label": "6.15-1.0.5-15-15.6.1", "cc": [6, 1], "label": "6.15-1.0.5-15-15", "genus": 6, "signature": "[0,5,15,15]", "group": "[15,1]", "_id": {"$oid": "579bca4275d28e4971d3f4ba"}}, {"passport_label": "6.15-1.0.5-15-15.8", "gen_vectors": [[4, 5, 1, 2, 3, 9, 10, 6, 7, 8, 14, 15, 11, 12, 13], [10, 6, 7, 8, 9, 15, 11, 12, 13, 14, 5, 1, 2, 3, 4], [14, 15, 11, 12, 13, 4, 5, 1, 2, 3, 9, 10, 6, 7, 8]], "total_label": "6.15-1.0.5-15-15.8.1", "cc": [8, 1], "label": "6.15-1.0.5-15-15", "genus": 6, "signature": "[0,5,15,15]", "group": "[15,1]", "_id": {"$oid": "579bca4275d28e4971d3f4bb"}}, {"passport_label": "6.15-1.0.5-15-15.9", "gen_vectors": [[4, 5, 1, 2, 3, 9, 10, 6, 7, 8, 14, 15, 11, 12, 13], [9, 10, 6, 7, 8, 14, 15, 11, 12, 13, 4, 5, 1, 2, 3], [15, 11, 12, 13, 14, 5, 1, 2, 3, 4, 10, 6, 7, 8, 9]], "total_label": "6.15-1.0.5-15-15.9.1", "cc": [9, 1], "label": "6.15-1.0.5-15-15", "genus": 6, "signature": "[0,5,15,15]", "group": "[15,1]", "_id": {"$oid": "579bca4375d28e4971d3f4bc"}}, {"passport_label": "6.15-1.0.5-15-15.10", "gen_vectors": [[5, 1, 2, 3, 4, 10, 6, 7, 8, 9, 15, 11, 12, 13, 14], [13, 14, 15, 11, 12, 3, 4, 5, 1, 2, 8, 9, 10, 6, 7], [10, 6, 7, 8, 9, 15, 11, 12, 13, 14, 5, 1, 2, 3, 4]], "total_label": "6.15-1.0.5-15-15.10.1", "cc": [10, 1], "label": "6.15-1.0.5-15-15", "genus": 6, "signature": "[0,5,15,15]", "group": "[15,1]", "_id": {"$oid": "579bca4475d28e4971d3f4bd"}}, {"passport_label": "6.15-1.0.5-15-15.11", "gen_vectors": [[5, 1, 2, 3, 4, 10, 6, 7, 8, 9, 15, 11, 12, 13, 14], [8, 9, 10, 6, 7, 13, 14, 15, 11, 12, 3, 4, 5, 1, 2], [15, 11, 12, 13, 14, 5, 1, 2, 3, 4, 10, 6, 7, 8, 9]], "total_label": "6.15-1.0.5-15-15.11.1", "cc": [11, 1], "label": "6.15-1.0.5-15-15", "genus": 6, "signature": "[0,5,15,15]", "group": "[15,1]", "_id": {"$oid": "579bca4475d28e4971d3f4be"}}, {"passport_label": "6.15-1.0.5-15-15.2", "gen_vectors": [[2, 3, 4, 5, 1, 7, 8, 9, 10, 6, 12, 13, 14, 15, 11], [13, 14, 15, 11, 12, 3, 4, 5, 1, 2, 8, 9, 10, 6, 7], [8, 9, 10, 6, 7, 13, 14, 15, 11, 12, 3, 4, 5, 1, 2]], "total_label": "6.15-1.0.5-15-15.2.1", "cc": [2, 1], "label": "6.15-1.0.5-15-15", "genus": 6, "signature": "[0,5,15,15]", "group": "[15,1]", "_id": {"$oid": "579bca9975d28e4971d3f569"}}, {"passport_label": "6.15-1.0.5-15-15.5", "gen_vectors": [[3, 4, 5, 1, 2, 8, 9, 10, 6, 7, 13, 14, 15, 11, 12], [10, 6, 7, 8, 9, 15, 11, 12, 13, 14, 5, 1, 2, 3, 4], [15, 11, 12, 13, 14, 5, 1, 2, 3, 4, 10, 6, 7, 8, 9]], "total_label": "6.15-1.0.5-15-15.5.1", "cc": [5, 1], "label": "6.15-1.0.5-15-15", "genus": 6, "signature": "[0,5,15,15]", "group": "[15,1]", "_id": {"$oid": "579bca9975d28e4971d3f56a"}}, {"passport_label": "6.15-1.0.5-15-15.7", "gen_vectors": [[4, 5, 1, 2, 3, 9, 10, 6, 7, 8, 14, 15, 11, 12, 13], [7, 8, 9, 10, 6, 12, 13, 14, 15, 11, 2, 3, 4, 5, 1], [12, 13, 14, 15, 11, 2, 3, 4, 5, 1, 7, 8, 9, 10, 6]], "total_label": "6.15-1.0.5-15-15.7.1", "cc": [7, 1], "label": "6.15-1.0.5-15-15", "genus": 6, "signature": "[0,5,15,15]", "group": "[15,1]", "_id": {"$oid": "579bca9a75d28e4971d3f56b"}}, {"passport_label": "6.15-1.0.5-15-15.12", "gen_vectors": [[5, 1, 2, 3, 4, 10, 6, 7, 8, 9, 15, 11, 12, 13, 14], [14, 15, 11, 12, 13, 4, 5, 1, 2, 3, 9, 10, 6, 7, 8], [9, 10, 6, 7, 8, 14, 15, 11, 12, 13, 4, 5, 1, 2, 3]], "total_label": "6.15-1.0.5-15-15.12.1", "cc": [12, 1], "label": "6.15-1.0.5-15-15", "genus": 6, "signature": "[0,5,15,15]", "group": "[15,1]", "_id": {"$oid": "579bca9a75d28e4971d3f56c"}}]
[{"passport_label": "6.39-1.0.3-3-13.1", "gen_vectors": [[14, 17, 20, 23, 26, 16, 19, 22, 25, 15, 18, 21, 24, 27, 30, 33, 36, 39, 29, 32, 35, 38, 28, 31, 34, 37, 1, 4, 7, 10, 13, 3, 6, 9, 12, 2, 5, 8, 11], [37, 33, 29, 38, 34, 30, 39, 35, 31, 27, 36, 32, 28, 11, 7, 3, 12, 8, 4, 13, 9, 5, 1, 10, 6, 2, 24, 20, 16, 25, 21, 17, 26, 22, 18, 14, 23, 19, 15], [4, 5, 6, 7, 8, 9, 10, 11, 12, 13, 1, 2, 3, 17, 18, 19, 20, 21, 22, 23, 24, 25, 26, 14, 15, 16, 30, 31, 32, 33, 34, 35, 36, 37, 38, 39, 27, 28, 29]], "total_label": "6.39-1.0.3-3-13.1.1", "cc": [1, 1], "label": "6.39-1.0.3-3-13", "genus": 6, "signature": "[0,3,3,13]", "group": "[39,1]", "_id": {"$oid": "579bca6c75d28e4971d3f50f"}}, {"passport_label": "6.39-1.0.3-3-13.2", "gen_vectors": [[14, 17, 20, 23, 26, 16, 19, 22, 25, 15, 18, 21, 24, 27, 30, 33, 36, 39, 29, 32, 35, 38, 28, 31, 34, 37, 1, 4, 7, 10, 13, 3, 6, 9, 12, 2, 5, 8, 11], [34, 30, 39, 35, 31, 27, 36, 32, 28, 37, 33, 29, 38, 8, 4, 13, 9, 5, 1, 10, 6, 2, 11, 7, 3, 12, 21, 17, 26, 22, 18, 14, 23, 19, 15, 24, 20, 16, 25], [7, 8, 9, 10, 11, 12, 13, 1, 2, 3, 4, 5, 6, 20, 21, 22, 23, 24, 25, 26, 14, 15, 16, 17, 18, 19, 33, 34, 35, 36, 37, 38, 39, 27, 28, 29, 30, 31, 32]], "total_label": "6.39-1.0.3-3-13.2.1", "cc": [2, 1], "label": "6.39-1.0.3-3-13", "genus": 6, "signature": "[0,3,3,13]", "group": "[39,1]", "_id": {"$oid": "579bca6d75d28e4971d3f510"}}, {"passport_label": "6.39-1.0.3-3-13.3", "gen_vectors": [[14, 17, 20, 23, 26, 16, 19, 22, 25, 15, 18, 21, 24, 27, 30, 33, 36, 39, 29, 32, 35, 38, 28, 31, 34, 37, 1, 4, 7, 10, 13, 3, 6, 9, 12, 2, 5, 8, 11], [36, 32, 28, 37, 33, 29, 38, 34, 30, 39, 35, 31, 27, 10, 6, 2, 11, 7, 3, 12, 8, 4, 13, 9, 5, 1, 23, 19, 15, 24, 20, 16, 25, 21, 17, 26, 22, 18, 14], [5, 6, 7, 8, 9, 10, 11, 12, 13, 1, 2, 3, 4, 18, 19, 20, 21, 22, 23, 24, 25, 26, 14, 15, 16, 17, 31, 32, 33, 34, 35, 36, 37, 38, 39, 27, 28, 29, 30]], "total_label": "6.39-1.0.3-3-13.3.1", "cc": [3, 1], "label": "6.39-1.0.3-3-13", "genus": 6, "signature": "[0,3,3,13]", "group": "[39,1]", "_id": {"$oid": "579bca6d75d28e4971d3f511"}}, {"passport_label": "6.39-1.0.3-3-13.4", "gen_vectors": [[14, 17, 20, 23, 26, 16, 19, 22, 25, 15, 18, 21, 24, 27, 30, 33, 36, 39, 29, 32, 35, 38, 28, 31, 34, 37, 1, 4, 7, 10, 13, 3, 6, 9, 12, 2, 5, 8, 11], [32, 28, 37, 33, 29, 38, 34, 30, 39, 35, 31, 27, 36, 6, 2, 11, 7, 3, 12, 8, 4, 13, 9, 5, 1, 10, 19, 15, 24, 20, 16, 25, 21, 17, 26, 22, 18, 14, 23], [9, 10, 11, 12, 13, 1, 2, 3, 4, 5, 6, 7, 8, 22, 23, 24, 25, 26, 14, 15, 16, 17, 18, 19, 20, 21, 35, 36, 37, 38, 39, 27, 28, 29, 30, 31, 32, 33, 34]], "total_label": "6.39-1.0.3-3-13.4.1", "cc": [4, 1], "label": "6.39-1.0.3-3-13", "genus": 6, "signature": "[0,3,3,13]", "group": "[39,1]", "_id": {"$oid": "579bca6e75d28e4971d3f512"}}]
[{"passport_label": "6.120-34.0.2-4-6.1", "gen_vectors": [[45, 13, 27, 54, 81, 20, 23, 32, 59, 71, 70, 28, 2, 84, 76, 75, 58, 97, 89, 6, 65, 33, 7, 74, 101, 40, 3, 12, 79, 51, 50, 8, 22, 104, 56, 55, 78, 117, 109, 26, 85, 53, 107, 94, 1, 60, 103, 112, 99, 31, 30, 108, 42, 4, 36, 35, 98, 17, 9, 46, 105, 73, 87, 114, 21, 80, 83, 92, 119, 11, 10, 88, 62, 24, 16, 15, 118, 37, 29, 66, 5, 93, 67, 14, 41, 100, 63, 72, 19, 111, 110, 68, 82, 44, 116, 115, 18, 57, 49, 86, 25, 113, 47, 34, 61, 120, 43, 52, 39, 91, 90, 48, 102, 64, 96, 95, 38, 77, 69, 106], [19, 87, 6, 65, 23, 44, 92, 1, 70, 13, 49, 97, 31, 20, 8, 54, 2, 36, 15, 78, 39, 107, 26, 45, 3, 64, 112, 21, 50, 33, 69, 117, 11, 40, 28, 74, 22, 16, 35, 58, 59, 7, 46, 25, 103, 84, 12, 41, 30, 53, 89, 17, 111, 60, 48, 94, 42, 116, 55, 38, 79, 27, 66, 5, 83, 104, 32, 61, 10, 73, 109, 37, 91, 80, 68, 114, 62, 96, 75, 18, 99, 47, 86, 105, 63, 4, 52, 81, 110, 93, 9, 57, 71, 100, 88, 14, 82, 76, 95, 118, 119, 67, 106, 85, 43, 24, 72, 101, 90, 113, 29, 77, 51, 120, 108, 34, 102, 56, 115, 98], [32, 58, 101, 100, 114, 27, 53, 76, 110, 119, 22, 103, 71, 115, 89, 117, 108, 66, 45, 84, 12, 78, 81, 120, 94, 7, 73, 56, 90, 99, 2, 83, 51, 95, 109, 97, 88, 46, 65, 104, 112, 98, 61, 20, 74, 107, 93, 36, 70, 79, 102, 63, 31, 75, 9, 77, 68, 26, 85, 4, 92, 118, 41, 40, 54, 87, 113, 16, 50, 59, 82, 43, 11, 55, 29, 57, 48, 6, 105, 24, 72, 18, 21, 60, 34, 67, 13, 116, 30, 39, 62, 23, 111, 35, 49, 37, 28, 106, 5, 44, 52, 38, 1, 80, 14, 47, 33, 96, 10, 19, 42, 3, 91, 15, 69, 17, 8, 86, 25, 64]], "total_label": "6.120-34.0.2-4-6.1.1", "cc": [1, 1], "label": "6.120-34.0.2-4-6", "genus": 6, "signature": "[0,2,4,6]", "group": "[120,34]", "_id": {"$oid": "579bca8075d28e4971d3f538"}}]
[{"passport_label": "6.24-2.0.2-24-24.3", "gen_vectors": [[2, 1, 4, 3, 6, 5, 8, 7, 10, 9, 12, 11, 14, 13, 16, 15, 18, 17, 20, 19, 22, 21, 24, 23], [18, 17, 20, 19, 22, 21, 24, 23, 14, 13, 16, 15, 8, 7, 5, 6, 12, 11, 9, 10, 4, 3, 1, 2], [24, 23, 21, 22, 16, 15, 13, 14, 20, 19, 17, 18, 9, 10, 11, 12, 1, 2, 3, 4, 5, 6, 7, 8]], "total_label": "6.24-2.0.2-24-24.3.1", "cc": [3, 1], "label": "6.24-2.0.2-24-24", "genus": 6, "signature": "[0,2,24,24]", "group": "[24,2]", "_id": {"$oid": "579bca9f75d28e4971d3f576"}}, {"passport_label": "6.24-2.0.2-24-24.4", "gen_vectors": [[2, 1, 4, 3, 6, 5, 8, 7, 10, 9, 12, 11, 14, 13, 16, 15, 18, 17, 20, 19, 22, 21, 24, 23], [21, 22, 23, 24, 13, 14, 15, 16, 17, 18, 19, 20, 11, 12, 10, 9, 3, 4, 2, 1, 7, 8, 6, 5], [19, 20, 18, 17, 23, 24, 22, 21, 15, 16, 14, 13, 6, 5, 8, 7, 10, 9, 12, 11, 2, 1, 4, 3]], "total_label": "6.24-2.0.2-24-24.4.1", "cc": [4, 1], "label": "6.24-2.0.2-24-24", "genus": 6, "signature": "[0,2,24,24]", "group": "[24,2]", "_id": {"$oid": "579bca9f75d28e4971d3f577"}}, {"passport_label": "6.24-2.0.2-24-24.1", "gen_vectors": [[2, 1, 4, 3, 6, 5, 8, 7, 10, 9, 12, 11, 14, 13, 16, 15, 18, 17, 20, 19, 22, 21, 24, 23], [17, 18, 19, 20, 21, 22, 23, 24, 13, 14, 15, 16, 7, 8, 6, 5, 11, 12, 10, 9, 3, 4, 2, 1], [23, 24, 22, 21, 15, 16, 14, 13, 19, 20, 18, 17, 10, 9, 12, 11, 2, 1, 4, 3, 6, 5, 8, 7]], "total_label": "6.24-2.0.2-24-24.1.1", "cc": [1, 1], "label": "6.24-2.0.2-24-24", "genus": 6, "signature": "[0,2,24,24]", "group": "[24,2]", "_id": {"$oid": "579bca9e75d28e4971d3f574"}}, {"passport_label": "6.24-2.0.2-24-24.2", "gen_vectors": [[2, 1, 4, 3, 6, 5, 8, 7, 10, 9, 12, 11, 14, 13, 16, 15, 18, 17, 20, 19, 22, 21, 24, 23], [22, 21, 24, 23, 14, 13, 16, 15, 18, 17, 20, 19, 12, 11, 9, 10, 4, 3, 1, 2, 8, 7, 5, 6], [20, 19, 17, 18, 24, 23, 21, 22, 16, 15, 13, 14, 5, 6, 7, 8, 9, 10, 11, 12, 1, 2, 3, 4]], "total_label": "6.24-2.0.2-24-24.2.1", "cc": [2, 1], "label": "6.24-2.0.2-24-24", "genus": 6, "signature": "[0,2,24,24]", "group": "[24,2]", "_id": {"$oid": "579bca9e75d28e4971d3f575"}}]
[{"passport_label": "6.12-2.0.3-3-4-4.1", "gen_vectors": [[3, 4, 5, 6, 1, 2, 9, 10, 11, 12, 7, 8], [5, 6, 1, 2, 3, 4, 11, 12, 7, 8, 9, 10], [7, 8, 9, 10, 11, 12, 2, 1, 4, 3, 6, 5], [8, 7, 10, 9, 12, 11, 1, 2, 3, 4, 5, 6]], "total_label": "6.12-2.0.3-3-4-4.1.1", "cc": [1, 1], "label": "6.12-2.0.3-3-4-4", "genus": 6, "signature": "[0,3,3,4,4]", "group": "[12,2]", "_id": {"$oid": "579bca8875d28e4971d3f547"}}]
[{"passport_label": "6.14-2.0.7-14-14.2", "gen_vectors": [[2, 3, 4, 5, 6, 7, 1, 9, 10, 11, 12, 13, 14, 8], [11, 12, 13, 14, 8, 9, 10, 4, 5, 6, 7, 1, 2, 3], [11, 12, 13, 14, 8, 9, 10, 4, 5, 6, 7, 1, 2, 3]], "total_label": "6.14-2.0.7-14-14.2.1", "cc": [2, 1], "label": "6.14-2.0.7-14-14", "genus": 6, "signature": "[0,7,14,14]", "group": "[14,2]", "_id": {"$oid": "579bca9175d28e4971d3f55a"}}, {"passport_label": "6.14-2.0.7-14-14.6", "gen_vectors": [[3, 4, 5, 6, 7, 1, 2, 10, 11, 12, 13, 14, 8, 9], [14, 8, 9, 10, 11, 12, 13, 7, 1, 2, 3, 4, 5, 6], [14, 8, 9, 10, 11, 12, 13, 7, 1, 2, 3, 4, 5, 6]], "total_label": "6.14-2.0.7-14-14.6.1", "cc": [6, 1], "label": "6.14-2.0.7-14-14", "genus": 6, "signature": "[0,7,14,14]", "group": "[14,2]", "_id": {"$oid": "579bca9175d28e4971d3f55b"}}, {"passport_label": "6.14-2.0.7-14-14.9", "gen_vectors": [[4, 5, 6, 7, 1, 2, 3, 11, 12, 13, 14, 8, 9, 10], [10, 11, 12, 13, 14, 8, 9, 3, 4, 5, 6, 7, 1, 2], [10, 11, 12, 13, 14, 8, 9, 3, 4, 5, 6, 7, 1, 2]], "total_label": "6.14-2.0.7-14-14.9.1", "cc": [9, 1], "label": "6.14-2.0.7-14-14", "genus": 6, "signature": "[0,7,14,14]", "group": "[14,2]", "_id": {"$oid": "579bca9275d28e4971d3f55c"}}, {"passport_label": "6.14-2.0.7-14-14.11", "gen_vectors": [[5, 6, 7, 1, 2, 3, 4, 12, 13, 14, 8, 9, 10, 11], [13, 14, 8, 9, 10, 11, 12, 6, 7, 1, 2, 3, 4, 5], [13, 14, 8, 9, 10, 11, 12, 6, 7, 1, 2, 3, 4, 5]], "total_label": "6.14-2.0.7-14-14.11.1", "cc": [11, 1], "label": "6.14-2.0.7-14-14", "genus": 6, "signature": "[0,7,14,14]", "group": "[14,2]", "_id": {"$oid": "579bca9375d28e4971d3f55d"}}, {"passport_label": "6.14-2.0.7-14-14.13", "gen_vectors": [[6, 7, 1, 2, 3, 4, 5, 13, 14, 8, 9, 10, 11, 12], [9, 10, 11, 12, 13, 14, 8, 2, 3, 4, 5, 6, 7, 1], [9, 10, 11, 12, 13, 14, 8, 2, 3, 4, 5, 6, 7, 1]], "total_label": "6.14-2.0.7-14-14.13.1", "cc": [13, 1], "label": "6.14-2.0.7-14-14", "genus": 6, "signature": "[0,7,14,14]", "group": "[14,2]", "_id": {"$oid": "579bca9375d28e4971d3f55e"}}, {"passport_label": "6.14-2.0.7-14-14.18", "gen_vectors": [[7, 1, 2, 3, 4, 5, 6, 14, 8, 9, 10, 11, 12, 13], [12, 13, 14, 8, 9, 10, 11, 5, 6, 7, 1, 2, 3, 4], [12, 13, 14, 8, 9, 10, 11, 5, 6, 7, 1, 2, 3, 4]], "total_label": "6.14-2.0.7-14-14.18.1", "cc": [18, 1], "label": "6.14-2.0.7-14-14", "genus": 6, "signature": "[0,7,14,14]", "group": "[14,2]", "_id": {"$oid": "579bca9475d28e4971d3f55f"}}, {"passport_label": "6.14-2.0.7-14-14.1", "gen_vectors": [[2, 3, 4, 5, 6, 7, 1, 9, 10, 11, 12, 13, 14, 8], [9, 10, 11, 12, 13, 14, 8, 2, 3, 4, 5, 6, 7, 1], [13, 14, 8, 9, 10, 11, 12, 6, 7, 1, 2, 3, 4, 5]], "total_label": "6.14-2.0.7-14-14.1.1", "cc": [1, 1], "label": "6.14-2.0.7-14-14", "genus": 6, "signature": "[0,7,14,14]", "group": "[14,2]", "_id": {"$oid": "579bcae175d28e4971d3f5f7"}}, {"passport_label": "6.14-2.0.7-14-14.3", "gen_vectors": [[2, 3, 4, 5, 6, 7, 1, 9, 10, 11, 12, 13, 14, 8], [10, 11, 12, 13, 14, 8, 9, 3, 4, 5, 6, 7, 1, 2], [12, 13, 14, 8, 9, 10, 11, 5, 6, 7, 1, 2, 3, 4]], "total_label": "6.14-2.0.7-14-14.3.1", "cc": [3, 1], "label": "6.14-2.0.7-14-14", "genus": 6, "signature": "[0,7,14,14]", "group": "[14,2]", "_id": {"$oid": "579bcae275d28e4971d3f5f8"}}, {"passport_label": "6.14-2.0.7-14-14.4", "gen_vectors": [[3, 4, 5, 6, 7, 1, 2, 10, 11, 12, 13, 14, 8, 9], [9, 10, 11, 12, 13, 14, 8, 2, 3, 4, 5, 6, 7, 1], [12, 13, 14, 8, 9, 10, 11, 5, 6, 7, 1, 2, 3, 4]], "total_label": "6.14-2.0.7-14-14.4.1", "cc": [4, 1], "label": "6.14-2.0.7-14-14", "genus": 6, "signature": "[0,7,14,14]", "group": "[14,2]", "_id": {"$oid": "579bcae275d28e4971d3f5f9"}}, {"passport_label": "6.14-2.0.7-14-14.5", "gen_vectors": [[3, 4, 5, 6, 7, 1, 2, 10, 11, 12, 13, 14, 8, 9], [11, 12, 13, 14, 8, 9, 10, 4, 5, 6, 7, 1, 2, 3], [10, 11, 12, 13, 14, 8, 9, 3, 4, 5, 6, 7, 1, 2]], "total_label": "6.14-2.0.7-14-14.5.1", "cc": [5, 1], "label": "6.14-2.0.7-14-14", "genus": 6, "signature": "[0,7,14,14]", "group": "[14,2]", "_id": {"$oid": "579bcae375d28e4971d3f5fa"}}, {"passport_label": "6.14-2.0.7-14-14.7", "gen_vectors": [[4, 5, 6, 7, 1, 2, 3, 11, 12, 13, 14, 8, 9, 10], [9, 10, 11, 12, 13, 14, 8, 2, 3, 4, 5, 6, 7, 1], [11, 12, 13, 14, 8, 9, 10, 4, 5, 6, 7, 1, 2, 3]], "total_label": "6.14-2.0.7-14-14.7.1", "cc": [7, 1], "label": "6.14-2.0.7-14-14", "genus": 6, "signature": "[0,7,14,14]", "group": "[14,2]", "_id": {"$oid": "579bcae375d28e4971d3f5fb"}}, {"passport_label": "6.14-2.0.7-14-14.8", "gen_vectors": [[4, 5, 6, 7, 1, 2, 3, 11, 12, 13, 14, 8, 9, 10], [13, 14, 8, 9, 10, 11, 12, 6, 7, 1, 2, 3, 4, 5], [14, 8, 9, 10, 11, 12, 13, 7, 1, 2, 3, 4, 5, 6]], "total_label": "6.14-2.0.7-14-14.8.1", "cc": [8, 1], "label": "6.14-2.0.7-14-14", "genus": 6, "signature": "[0,7,14,14]", "group": "[14,2]", "_id": {"$oid": "579bcae475d28e4971d3f5fc"}}, {"passport_label": "6.14-2.0.7-14-14.10", "gen_vectors": [[5, 6, 7, 1, 2, 3, 4, 12, 13, 14, 8, 9, 10, 11], [9, 10, 11, 12, 13, 14, 8, 2, 3, 4, 5, 6, 7, 1], [10, 11, 12, 13, 14, 8, 9, 3, 4, 5, 6, 7, 1, 2]], "total_label": "6.14-2.0.7-14-14.10.1", "cc": [10, 1], "label": "6.14-2.0.7-14-14", "genus": 6, "signature": "[0,7,14,14]", "group": "[14,2]", "_id": {"$oid": "579bcae475d28e4971d3f5fd"}}, {"passport_label": "6.14-2.0.7-14-14.12", "gen_vectors": [[5, 6, 7, 1, 2, 3, 4, 12, 13, 14, 8, 9, 10, 11], [12, 13, 14, 8, 9, 10, 11, 5, 6, 7, 1, 2, 3, 4], [14, 8, 9, 10, 11, 12, 13, 7, 1, 2, 3, 4, 5, 6]], "total_label": "6.14-2.0.7-14-14.12.1", "cc": [12, 1], "label": "6.14-2.0.7-14-14", "genus": 6, "signature": "[0,7,14,14]", "group": "[14,2]", "_id": {"$oid": "579bcae575d28e4971d3f5fe"}}, {"passport_label": "6.14-2.0.7-14-14.14", "gen_vectors": [[6, 7, 1, 2, 3, 4, 5, 13, 14, 8, 9, 10, 11, 12], [11, 12, 13, 14, 8, 9, 10, 4, 5, 6, 7, 1, 2, 3], [14, 8, 9, 10, 11, 12, 13, 7, 1, 2, 3, 4, 5, 6]], "total_label": "6.14-2.0.7-14-14.14.1", "cc": [14, 1], "label": "6.14-2.0.7-14-14", "genus": 6, "signature": "[0,7,14,14]", "group": "[14,2]", "_id": {"$oid": "579bcae575d28e4971d3f5ff"}}, {"passport_label": "6.14-2.0.7-14-14.15", "gen_vectors": [[6, 7, 1, 2, 3, 4, 5, 13, 14, 8, 9, 10, 11, 12], [13, 14, 8, 9, 10, 11, 12, 6, 7, 1, 2, 3, 4, 5], [12, 13, 14, 8, 9, 10, 11, 5, 6, 7, 1, 2, 3, 4]], "total_label": "6.14-2.0.7-14-14.15.1", "cc": [15, 1], "label": "6.14-2.0.7-14-14", "genus": 6, "signature": "[0,7,14,14]", "group": "[14,2]", "_id": {"$oid": "579bcae675d28e4971d3f600"}}, {"passport_label": "6.14-2.0.7-14-14.16", "gen_vectors": [[7, 1, 2, 3, 4, 5, 6, 14, 8, 9, 10, 11, 12, 13], [11, 12, 13, 14, 8, 9, 10, 4, 5, 6, 7, 1, 2, 3], [13, 14, 8, 9, 10, 11, 12, 6, 7, 1, 2, 3, 4, 5]], "total_label": "6.14-2.0.7-14-14.16.1", "cc": [16, 1], "label": "6.14-2.0.7-14-14", "genus": 6, "signature": "[0,7,14,14]", "group": "[14,2]", "_id": {"$oid": "579bcae675d28e4971d3f601"}}, {"passport_label": "6.14-2.0.7-14-14.17", "gen_vectors": [[7, 1, 2, 3, 4, 5, 6, 14, 8, 9, 10, 11, 12, 13], [10, 11, 12, 13, 14, 8, 9, 3, 4, 5, 6, 7, 1, 2], [14, 8, 9, 10, 11, 12, 13, 7, 1, 2, 3, 4, 5, 6]], "total_label": "6.14-2.0.7-14-14.17.1", "cc": [17, 1], "label": "6.14-2.0.7-14-14", "genus": 6, "signature": "[0,7,14,14]", "group": "[14,2]", "_id": {"$oid": "579bcae775d28e4971d3f602"}}]
[{"passport_label": "7.6-2.0.3-6-6-6-6.1", "gen_vectors": [[2, 3, 1, 5, 6, 4], [5, 6, 4, 2, 3, 1], [5, 6, 4, 2, 3, 1], [5, 6, 4, 2, 3, 1], [6, 4, 5, 3, 1, 2]], "total_label": "7.6-2.0.3-6-6-6-6.1.1", "cc": [1, 1], "label": "7.6-2.0.3-6-6-6-6", "genus": 7, "signature": "[0,3,6,6,6,6]", "group": "[6,2]", "_id": {"$oid": "579bccc675d28e4971d3f62b"}}, {"passport_label": "7.6-2.0.3-6-6-6-6.2", "gen_vectors": [[2, 3, 1, 5, 6, 4], [6, 4, 5, 3, 1, 2], [6, 4, 5, 3, 1, 2], [6, 4, 5, 3, 1, 2], [6, 4, 5, 3, 1, 2]], "total_label": "7.6-2.0.3-6-6-6-6.2.1", "cc": [2, 1], "label": "7.6-2.0.3-6-6-6-6", "genus": 7, "signature": "[0,3,6,6,6,6]", "group": "[6,2]", "_id": {"$oid": "579bccc775d28e4971d3f62c"}}, {"passport_label": "7.6-2.0.3-6-6-6-6.3", "gen_vectors": [[3, 1, 2, 6, 4, 5], [5, 6, 4, 2, 3, 1], [5, 6, 4, 2, 3, 1], [5, 6, 4, 2, 3, 1], [5, 6, 4, 2, 3, 1]], "total_label": "7.6-2.0.3-6-6-6-6.3.1", "cc": [3, 1], "label": "7.6-2.0.3-6-6-6-6", "genus": 7, "signature": "[0,3,6,6,6,6]", "group": "[6,2]", "_id": {"$oid": "579bccc775d28e4971d3f62d"}}, {"passport_label": "7.6-2.0.3-6-6-6-6.4", "gen_vectors": [[3, 1, 2, 6, 4, 5], [5, 6, 4, 2, 3, 1], [6, 4, 5, 3, 1, 2], [6, 4, 5, 3, 1, 2], [6, 4, 5, 3, 1, 2]], "total_label": "7.6-2.0.3-6-6-6-6.4.1", "cc": [4, 1], "label": "7.6-2.0.3-6-6-6-6", "genus": 7, "signature": "[0,3,6,6,6,6]", "group": "[6,2]", "_id": {"$oid": "579bccc875d28e4971d3f62e"}}]
