[{"passport_label": "6.6-1.0.2-2-3-3-3-3.1", "gen_vectors": [[4, 6, 5, 1, 3, 2], [4, 6, 5, 1, 3, 2], [2, 3, 1, 5, 6, 4], [2, 3, 1, 5, 6, 4], [3, 1, 2, 6, 4, 5], [3, 1, 2, 6, 4, 5]], "total_label": "6.6-1.0.2-2-3-3-3-3.1.1", "cc": [1, 1], "label": "6.6-1.0.2-2-3-3-3-3", "genus": 6, "signature": "[0,2,2,3,3,3,3]", "group": "[6,1]", "_id": {"$oid": "579bc93c75d28e4971d3f2ac"}}, {"passport_label": "6.6-1.0.2-2-3-3-3-3.1", "gen_vectors": [[4, 6, 5, 1, 3, 2], [4, 6, 5, 1, 3, 2], [2, 3, 1, 5, 6, 4], [3, 1, 2, 6, 4, 5], [2, 3, 1, 5, 6, 4], [3, 1, 2, 6, 4, 5]], "total_label": "6.6-1.0.2-2-3-3-3-3.1.2", "cc": [1, 2], "label": "6.6-1.0.2-2-3-3-3-3", "genus": 6, "signature": "[0,2,2,3,3,3,3]", "group": "[6,1]", "_id": {"$oid": "579bc93c75d28e4971d3f2ad"}}, {"passport_label": "6.6-1.0.2-2-3-3-3-3.1", "gen_vectors": [[4, 6, 5, 1, 3, 2], [4, 6, 5, 1, 3, 2], [2, 3, 1, 5, 6, 4], [3, 1, 2, 6, 4, 5], [3, 1, 2, 6, 4, 5], [2, 3, 1, 5, 6, 4]], "total_label": "6.6-1.0.2-2-3-3-3-3.1.3", "cc": [1, 3], "label": "6.6-1.0.2-2-3-3-3-3", "genus": 6, "signature": "[0,2,2,3,3,3,3]", "group": "[6,1]", "_id": {"$oid": "579bc93d75d28e4971d3f2ae"}}, {"passport_label": "6.6-1.0.2-2-3-3-3-3.1", "gen_vectors": [[4, 6, 5, 1, 3, 2], [6, 5, 4, 3, 2, 1], [2, 3, 1, 5, 6, 4], [2, 3, 1, 5, 6, 4], [2, 3, 1, 5, 6, 4], [2, 3, 1, 5, 6, 4]], "total_label": "6.6-1.0.2-2-3-3-3-3.1.4", "cc": [1, 4], "label": "6.6-1.0.2-2-3-3-3-3", "genus": 6, "signature": "[0,2,2,3,3,3,3]", "group": "[6,1]", "_id": {"$oid": "579bc93d75d28e4971d3f2af"}}, {"passport_label": "6.6-1.0.2-2-3-3-3-3.1", "gen_vectors": [[4, 6, 5, 1, 3, 2], [6, 5, 4, 3, 2, 1], [2, 3, 1, 5, 6, 4], [3, 1, 2, 6, 4, 5], [3, 1, 2, 6, 4, 5], [3, 1, 2, 6, 4, 5]], "total_label": "6.6-1.0.2-2-3-3-3-3.1.5", "cc": [1, 5], "label": "6.6-1.0.2-2-3-3-3-3", "genus": 6, "signature": "[0,2,2,3,3,3,3]", "group": "[6,1]", "_id": {"$oid": "579bc93e75d28e4971d3f2b0"}}, {"passport_label": "6.6-1.0.2-2-3-3-3-3.1", "gen_vectors": [[4, 6, 5, 1, 3, 2], [6, 5, 4, 3, 2, 1], [3, 1, 2, 6, 4, 5], [2, 3, 1, 5, 6, 4], [3, 1, 2, 6, 4, 5], [3, 1, 2, 6, 4, 5]], "total_label": "6.6-1.0.2-2-3-3-3-3.1.6", "cc": [1, 6], "label": "6.6-1.0.2-2-3-3-3-3", "genus": 6, "signature": "[0,2,2,3,3,3,3]", "group": "[6,1]", "_id": {"$oid": "579bc93e75d28e4971d3f2b1"}}, {"passport_label": "6.6-1.0.2-2-3-3-3-3.1", "gen_vectors": [[4, 6, 5, 1, 3, 2], [6, 5, 4, 3, 2, 1], [3, 1, 2, 6, 4, 5], [3, 1, 2, 6, 4, 5], [2, 3, 1, 5, 6, 4], [3, 1, 2, 6, 4, 5]], "total_label": "6.6-1.0.2-2-3-3-3-3.1.7", "cc": [1, 7], "label": "6.6-1.0.2-2-3-3-3-3", "genus": 6, "signature": "[0,2,2,3,3,3,3]", "group": "[6,1]", "_id": {"$oid": "579bc93f75d28e4971d3f2b2"}}, {"passport_label": "6.6-1.0.2-2-3-3-3-3.1", "gen_vectors": [[4, 6, 5, 1, 3, 2], [6, 5, 4, 3, 2, 1], [3, 1, 2, 6, 4, 5], [3, 1, 2, 6, 4, 5], [3, 1, 2, 6, 4, 5], [2, 3, 1, 5, 6, 4]], "total_label": "6.6-1.0.2-2-3-3-3-3.1.8", "cc": [1, 8], "label": "6.6-1.0.2-2-3-3-3-3", "genus": 6, "signature": "[0,2,2,3,3,3,3]", "group": "[6,1]", "_id": {"$oid": "579bc93f75d28e4971d3f2b3"}}]
[{"passport_label": "6.9-1.0.3-3-9-9.1", "gen_vectors": [[2, 3, 1, 5, 6, 4, 8, 9, 7], [2, 3, 1, 5, 6, 4, 8, 9, 7], [4, 5, 6, 7, 8, 9, 2, 3, 1], [7, 8, 9, 2, 3, 1, 5, 6, 4]], "total_label": "6.9-1.0.3-3-9-9.1.1", "cc": [1, 1], "label": "6.9-1.0.3-3-9-9", "genus": 6, "signature": "[0,3,3,9,9]", "group": "[9,1]", "_id": {"$oid": "579bca2b75d28e4971d3f48c"}}, {"passport_label": "6.9-1.0.3-3-9-9.2", "gen_vectors": [[2, 3, 1, 5, 6, 4, 8, 9, 7], [2, 3, 1, 5, 6, 4, 8, 9, 7], [5, 6, 4, 8, 9, 7, 3, 1, 2], [9, 7, 8, 1, 2, 3, 4, 5, 6]], "total_label": "6.9-1.0.3-3-9-9.2.1", "cc": [2, 1], "label": "6.9-1.0.3-3-9-9", "genus": 6, "signature": "[0,3,3,9,9]", "group": "[9,1]", "_id": {"$oid": "579bca2c75d28e4971d3f48d"}}, {"passport_label": "6.9-1.0.3-3-9-9.3", "gen_vectors": [[2, 3, 1, 5, 6, 4, 8, 9, 7], [2, 3, 1, 5, 6, 4, 8, 9, 7], [8, 9, 7, 3, 1, 2, 6, 4, 5], [6, 4, 5, 9, 7, 8, 1, 2, 3]], "total_label": "6.9-1.0.3-3-9-9.3.1", "cc": [3, 1], "label": "6.9-1.0.3-3-9-9", "genus": 6, "signature": "[0,3,3,9,9]", "group": "[9,1]", "_id": {"$oid": "579bca2c75d28e4971d3f48e"}}, {"passport_label": "6.9-1.0.3-3-9-9.7", "gen_vectors": [[3, 1, 2, 6, 4, 5, 9, 7, 8], [3, 1, 2, 6, 4, 5, 9, 7, 8], [4, 5, 6, 7, 8, 9, 2, 3, 1], [8, 9, 7, 3, 1, 2, 6, 4, 5]], "total_label": "6.9-1.0.3-3-9-9.7.1", "cc": [7, 1], "label": "6.9-1.0.3-3-9-9", "genus": 6, "signature": "[0,3,3,9,9]", "group": "[9,1]", "_id": {"$oid": "579bca2d75d28e4971d3f48f"}}, {"passport_label": "6.9-1.0.3-3-9-9.8", "gen_vectors": [[3, 1, 2, 6, 4, 5, 9, 7, 8], [3, 1, 2, 6, 4, 5, 9, 7, 8], [7, 8, 9, 2, 3, 1, 5, 6, 4], [5, 6, 4, 8, 9, 7, 3, 1, 2]], "total_label": "6.9-1.0.3-3-9-9.8.1", "cc": [8, 1], "label": "6.9-1.0.3-3-9-9", "genus": 6, "signature": "[0,3,3,9,9]", "group": "[9,1]", "_id": {"$oid": "579bca2e75d28e4971d3f490"}}, {"passport_label": "6.9-1.0.3-3-9-9.9", "gen_vectors": [[3, 1, 2, 6, 4, 5, 9, 7, 8], [3, 1, 2, 6, 4, 5, 9, 7, 8], [6, 4, 5, 9, 7, 8, 1, 2, 3], [9, 7, 8, 1, 2, 3, 4, 5, 6]], "total_label": "6.9-1.0.3-3-9-9.9.1", "cc": [9, 1], "label": "6.9-1.0.3-3-9-9", "genus": 6, "signature": "[0,3,3,9,9]", "group": "[9,1]", "_id": {"$oid": "579bca2e75d28e4971d3f491"}}, {"passport_label": "6.9-1.0.3-3-9-9.4", "gen_vectors": [[2, 3, 1, 5, 6, 4, 8, 9, 7], [3, 1, 2, 6, 4, 5, 9, 7, 8], [4, 5, 6, 7, 8, 9, 2, 3, 1], [9, 7, 8, 1, 2, 3, 4, 5, 6]], "total_label": "6.9-1.0.3-3-9-9.4.1", "cc": [4, 1], "label": "6.9-1.0.3-3-9-9", "genus": 6, "signature": "[0,3,3,9,9]", "group": "[9,1]", "_id": {"$oid": "579bca8575d28e4971d3f542"}}, {"passport_label": "6.9-1.0.3-3-9-9.5", "gen_vectors": [[2, 3, 1, 5, 6, 4, 8, 9, 7], [3, 1, 2, 6, 4, 5, 9, 7, 8], [7, 8, 9, 2, 3, 1, 5, 6, 4], [6, 4, 5, 9, 7, 8, 1, 2, 3]], "total_label": "6.9-1.0.3-3-9-9.5.1", "cc": [5, 1], "label": "6.9-1.0.3-3-9-9", "genus": 6, "signature": "[0,3,3,9,9]", "group": "[9,1]", "_id": {"$oid": "579bca8675d28e4971d3f543"}}, {"passport_label": "6.9-1.0.3-3-9-9.6", "gen_vectors": [[2, 3, 1, 5, 6, 4, 8, 9, 7], [3, 1, 2, 6, 4, 5, 9, 7, 8], [5, 6, 4, 8, 9, 7, 3, 1, 2], [8, 9, 7, 3, 1, 2, 6, 4, 5]], "total_label": "6.9-1.0.3-3-9-9.6.1", "cc": [6, 1], "label": "6.9-1.0.3-3-9-9", "genus": 6, "signature": "[0,3,3,9,9]", "group": "[9,1]", "_id": {"$oid": "579bca8675d28e4971d3f544"}}]
[{"passport_label": "6.16-1.0.4-16-16.1", "gen_vectors": [[3, 4, 2, 1, 7, 8, 6, 5, 11, 12, 10, 9, 15, 16, 14, 13], [9, 10, 11, 12, 13, 14, 15, 16, 5, 6, 7, 8, 3, 4, 2, 1], [14, 13, 16, 15, 12, 11, 9, 10, 4, 3, 1, 2, 8, 7, 5, 6]], "total_label": "6.16-1.0.4-16-16.1.1", "cc": [1, 1], "label": "6.16-1.0.4-16-16", "genus": 6, "signature": "[0,4,16,16]", "group": "[16,1]", "_id": {"$oid": "579bca4475d28e4971d3f4bf"}}, {"passport_label": "6.16-1.0.4-16-16.2", "gen_vectors": [[3, 4, 2, 1, 7, 8, 6, 5, 11, 12, 10, 9, 15, 16, 14, 13], [13, 14, 15, 16, 11, 12, 10, 9, 3, 4, 2, 1, 7, 8, 6, 5], [10, 9, 12, 11, 14, 13, 16, 15, 6, 5, 8, 7, 4, 3, 1, 2]], "total_label": "6.16-1.0.4-16-16.2.1", "cc": [2, 1], "label": "6.16-1.0.4-16-16", "genus": 6, "signature": "[0,4,16,16]", "group": "[16,1]", "_id": {"$oid": "579bca4575d28e4971d3f4c0"}}, {"passport_label": "6.16-1.0.4-16-16.3", "gen_vectors": [[3, 4, 2, 1, 7, 8, 6, 5, 11, 12, 10, 9, 15, 16, 14, 13], [11, 12, 10, 9, 15, 16, 14, 13, 7, 8, 6, 5, 2, 1, 4, 3], [15, 16, 14, 13, 10, 9, 12, 11, 2, 1, 4, 3, 6, 5, 8, 7]], "total_label": "6.16-1.0.4-16-16.3.1", "cc": [3, 1], "label": "6.16-1.0.4-16-16", "genus": 6, "signature": "[0,4,16,16]", "group": "[16,1]", "_id": {"$oid": "579bca4575d28e4971d3f4c1"}}, {"passport_label": "6.16-1.0.4-16-16.4", "gen_vectors": [[3, 4, 2, 1, 7, 8, 6, 5, 11, 12, 10, 9, 15, 16, 14, 13], [12, 11, 9, 10, 16, 15, 13, 14, 8, 7, 5, 6, 1, 2, 3, 4], [16, 15, 13, 14, 9, 10, 11, 12, 1, 2, 3, 4, 5, 6, 7, 8]], "total_label": "6.16-1.0.4-16-16.4.1", "cc": [4, 1], "label": "6.16-1.0.4-16-16", "genus": 6, "signature": "[0,4,16,16]", "group": "[16,1]", "_id": {"$oid": "579bca4675d28e4971d3f4c2"}}, {"passport_label": "6.16-1.0.4-16-16.5", "gen_vectors": [[4, 3, 1, 2, 8, 7, 5, 6, 12, 11, 9, 10, 16, 15, 13, 14], [9, 10, 11, 12, 13, 14, 15, 16, 5, 6, 7, 8, 3, 4, 2, 1], [13, 14, 15, 16, 11, 12, 10, 9, 3, 4, 2, 1, 7, 8, 6, 5]], "total_label": "6.16-1.0.4-16-16.5.1", "cc": [5, 1], "label": "6.16-1.0.4-16-16", "genus": 6, "signature": "[0,4,16,16]", "group": "[16,1]", "_id": {"$oid": "579bca4675d28e4971d3f4c3"}}, {"passport_label": "6.16-1.0.4-16-16.6", "gen_vectors": [[4, 3, 1, 2, 8, 7, 5, 6, 12, 11, 9, 10, 16, 15, 13, 14], [11, 12, 10, 9, 15, 16, 14, 13, 7, 8, 6, 5, 2, 1, 4, 3], [16, 15, 13, 14, 9, 10, 11, 12, 1, 2, 3, 4, 5, 6, 7, 8]], "total_label": "6.16-1.0.4-16-16.6.1", "cc": [6, 1], "label": "6.16-1.0.4-16-16", "genus": 6, "signature": "[0,4,16,16]", "group": "[16,1]", "_id": {"$oid": "579bca4775d28e4971d3f4c4"}}, {"passport_label": "6.16-1.0.4-16-16.7", "gen_vectors": [[4, 3, 1, 2, 8, 7, 5, 6, 12, 11, 9, 10, 16, 15, 13, 14], [15, 16, 14, 13, 10, 9, 12, 11, 2, 1, 4, 3, 6, 5, 8, 7], [12, 11, 9, 10, 16, 15, 13, 14, 8, 7, 5, 6, 1, 2, 3, 4]], "total_label": "6.16-1.0.4-16-16.7.1", "cc": [7, 1], "label": "6.16-1.0.4-16-16", "genus": 6, "signature": "[0,4,16,16]", "group": "[16,1]", "_id": {"$oid": "579bca4775d28e4971d3f4c5"}}, {"passport_label": "6.16-1.0.4-16-16.8", "gen_vectors": [[4, 3, 1, 2, 8, 7, 5, 6, 12, 11, 9, 10, 16, 15, 13, 14], [10, 9, 12, 11, 14, 13, 16, 15, 6, 5, 8, 7, 4, 3, 1, 2], [14, 13, 16, 15, 12, 11, 9, 10, 4, 3, 1, 2, 8, 7, 5, 6]], "total_label": "6.16-1.0.4-16-16.8.1", "cc": [8, 1], "label": "6.16-1.0.4-16-16", "genus": 6, "signature": "[0,4,16,16]", "group": "[16,1]", "_id": {"$oid": "579bca4875d28e4971d3f4c6"}}]
[{"passport_label": "6.24-12.0.2-2-3-4.1", "gen_vectors": [[2, 1, 4, 3, 6, 5, 8, 7, 10, 9, 12, 11, 14, 13, 16, 15, 18, 17, 20, 19, 22, 21, 24, 23], [13, 15, 14, 16, 21, 23, 22, 24, 17, 19, 18, 20, 1, 3, 2, 4, 9, 11, 10, 12, 5, 7, 6, 8], [7, 6, 8, 5, 11, 10, 12, 9, 3, 2, 4, 1, 19, 18, 20, 17, 23, 22, 24, 21, 15, 14, 16, 13], [19, 20, 18, 17, 15, 16, 14, 13, 23, 24, 22, 21, 7, 8, 6, 5, 3, 4, 2, 1, 11, 12, 10, 9]], "total_label": "6.24-12.0.2-2-3-4.1.1", "cc": [1, 1], "label": "6.24-12.0.2-2-3-4", "genus": 6, "signature": "[0,2,2,3,4]", "group": "[24,12]", "_id": {"$oid": "579bca6175d28e4971d3f4f7"}}, {"passport_label": "6.24-12.0.2-2-3-4.1", "gen_vectors": [[2, 1, 4, 3, 6, 5, 8, 7, 10, 9, 12, 11, 14, 13, 16, 15, 18, 17, 20, 19, 22, 21, 24, 23], [13, 15, 14, 16, 21, 23, 22, 24, 17, 19, 18, 20, 1, 3, 2, 4, 9, 11, 10, 12, 5, 7, 6, 8], [9, 11, 12, 10, 1, 3, 4, 2, 5, 7, 8, 6, 21, 23, 24, 22, 13, 15, 16, 14, 17, 19, 20, 18], [22, 23, 24, 21, 18, 19, 20, 17, 14, 15, 16, 13, 10, 11, 12, 9, 6, 7, 8, 5, 2, 3, 4, 1]], "total_label": "6.24-12.0.2-2-3-4.1.2", "cc": [1, 2], "label": "6.24-12.0.2-2-3-4", "genus": 6, "signature": "[0,2,2,3,4]", "group": "[24,12]", "_id": {"$oid": "579bca6175d28e4971d3f4f8"}}, {"passport_label": "6.24-12.0.2-2-3-4.1", "gen_vectors": [[2, 1, 4, 3, 6, 5, 8, 7, 10, 9, 12, 11, 14, 13, 16, 15, 18, 17, 20, 19, 22, 21, 24, 23], [17, 18, 20, 19, 13, 14, 16, 15, 21, 22, 24, 23, 5, 6, 8, 7, 1, 2, 4, 3, 9, 10, 12, 11], [5, 8, 6, 7, 9, 12, 10, 11, 1, 4, 2, 3, 17, 20, 18, 19, 21, 24, 22, 23, 13, 16, 14, 15], [22, 23, 24, 21, 18, 19, 20, 17, 14, 15, 16, 13, 10, 11, 12, 9, 6, 7, 8, 5, 2, 3, 4, 1]], "total_label": "6.24-12.0.2-2-3-4.1.3", "cc": [1, 3], "label": "6.24-12.0.2-2-3-4", "genus": 6, "signature": "[0,2,2,3,4]", "group": "[24,12]", "_id": {"$oid": "579bca6275d28e4971d3f4f9"}}]
[{"passport_label": "6.48-15.0.2-6-8.1", "gen_vectors": [[25, 27, 26, 28, 30, 29, 34, 36, 35, 31, 33, 32, 43, 45, 44, 46, 48, 47, 37, 39, 38, 40, 42, 41, 1, 3, 2, 4, 6, 5, 10, 12, 11, 7, 9, 8, 19, 21, 20, 22, 24, 23, 13, 15, 14, 16, 18, 17], [14, 15, 13, 17, 18, 16, 23, 24, 22, 20, 21, 19, 2, 3, 1, 5, 6, 4, 11, 12, 10, 8, 9, 7, 38, 39, 37, 41, 42, 40, 47, 48, 46, 44, 45, 43, 26, 27, 25, 29, 30, 28, 35, 36, 34, 32, 33, 31], [44, 43, 45, 47, 46, 48, 41, 40, 42, 38, 37, 39, 26, 25, 27, 29, 28, 30, 32, 31, 33, 35, 34, 36, 20, 19, 21, 23, 22, 24, 17, 16, 18, 14, 13, 15, 2, 1, 3, 5, 4, 6, 8, 7, 9, 11, 10, 12]], "total_label": "6.48-15.0.2-6-8.1.1", "cc": [1, 1], "label": "6.48-15.0.2-6-8", "genus": 6, "signature": "[0,2,6,8]", "group": "[48,15]", "_id": {"$oid": "579bca6e75d28e4971d3f513"}}, {"passport_label": "6.48-15.0.2-6-8.2", "gen_vectors": [[25, 27, 26, 28, 30, 29, 34, 36, 35, 31, 33, 32, 43, 45, 44, 46, 48, 47, 37, 39, 38, 40, 42, 41, 1, 3, 2, 4, 6, 5, 10, 12, 11, 7, 9, 8, 19, 21, 20, 22, 24, 23, 13, 15, 14, 16, 18, 17], [17, 18, 16, 14, 15, 13, 20, 21, 19, 23, 24, 22, 5, 6, 4, 2, 3, 1, 8, 9, 7, 11, 12, 10, 41, 42, 40, 38, 39, 37, 44, 45, 43, 47, 48, 46, 29, 30, 28, 26, 27, 25, 32, 33, 31, 35, 36, 34], [47, 46, 48, 44, 43, 45, 38, 37, 39, 41, 40, 42, 29, 28, 30, 26, 25, 27, 35, 34, 36, 32, 31, 33, 23, 22, 24, 20, 19, 21, 14, 13, 15, 17, 16, 18, 5, 4, 6, 2, 1, 3, 11, 10, 12, 8, 7, 9]], "total_label": "6.48-15.0.2-6-8.2.1", "cc": [2, 1], "label": "6.48-15.0.2-6-8", "genus": 6, "signature": "[0,2,6,8]", "group": "[48,15]", "_id": {"$oid": "579bca6f75d28e4971d3f514"}}, {"passport_label": "6.48-15.0.2-6-8.3", "gen_vectors": [[25, 27, 26, 28, 30, 29, 34, 36, 35, 31, 33, 32, 43, 45, 44, 46, 48, 47, 37, 39, 38, 40, 42, 41, 1, 3, 2, 4, 6, 5, 10, 12, 11, 7, 9, 8, 19, 21, 20, 22, 24, 23, 13, 15, 14, 16, 18, 17], [15, 13, 14, 18, 16, 17, 24, 22, 23, 21, 19, 20, 3, 1, 2, 6, 4, 5, 12, 10, 11, 9, 7, 8, 39, 37, 38, 42, 40, 41, 48, 46, 47, 45, 43, 44, 27, 25, 26, 30, 28, 29, 36, 34, 35, 33, 31, 32], [45, 44, 43, 48, 47, 46, 42, 41, 40, 39, 38, 37, 27, 26, 25, 30, 29, 28, 33, 32, 31, 36, 35, 34, 21, 20, 19, 24, 23, 22, 18, 17, 16, 15, 14, 13, 3, 2, 1, 6, 5, 4, 9, 8, 7, 12, 11, 10]], "total_label": "6.48-15.0.2-6-8.3.1", "cc": [3, 1], "label": "6.48-15.0.2-6-8", "genus": 6, "signature": "[0,2,6,8]", "group": "[48,15]", "_id": {"$oid": "579bca6f75d28e4971d3f515"}}, {"passport_label": "6.48-15.0.2-6-8.4", "gen_vectors": [[25, 27, 26, 28, 30, 29, 34, 36, 35, 31, 33, 32, 43, 45, 44, 46, 48, 47, 37, 39, 38, 40, 42, 41, 1, 3, 2, 4, 6, 5, 10, 12, 11, 7, 9, 8, 19, 21, 20, 22, 24, 23, 13, 15, 14, 16, 18, 17], [18, 16, 17, 15, 13, 14, 21, 19, 20, 24, 22, 23, 6, 4, 5, 3, 1, 2, 9, 7, 8, 12, 10, 11, 42, 40, 41, 39, 37, 38, 45, 43, 44, 48, 46, 47, 30, 28, 29, 27, 25, 26, 33, 31, 32, 36, 34, 35], [48, 47, 46, 45, 44, 43, 39, 38, 37, 42, 41, 40, 30, 29, 28, 27, 26, 25, 36, 35, 34, 33, 32, 31, 24, 23, 22, 21, 20, 19, 15, 14, 13, 18, 17, 16, 6, 5, 4, 3, 2, 1, 12, 11, 10, 9, 8, 7]], "total_label": "6.48-15.0.2-6-8.4.1", "cc": [4, 1], "label": "6.48-15.0.2-6-8", "genus": 6, "signature": "[0,2,6,8]", "group": "[48,15]", "_id": {"$oid": "579bca7075d28e4971d3f516"}}]
[{"passport_label": "6.25-2.0.5-5-5.1", "gen_vectors": [[2, 3, 4, 5, 1, 7, 8, 9, 10, 6, 12, 13, 14, 15, 11, 17, 18, 19, 20, 16, 22, 23, 24, 25, 21], [6, 7, 8, 9, 10, 11, 12, 13, 14, 15, 16, 17, 18, 19, 20, 21, 22, 23, 24, 25, 1, 2, 3, 4, 5], [25, 21, 22, 23, 24, 5, 1, 2, 3, 4, 10, 6, 7, 8, 9, 15, 11, 12, 13, 14, 20, 16, 17, 18, 19]], "total_label": "6.25-2.0.5-5-5.1.1", "cc": [1, 1], "label": "6.25-2.0.5-5-5", "genus": 6, "signature": "[0,5,5,5]", "group": "[25,2]", "_id": {"$oid": "579bcaa075d28e4971d3f578"}}, {"passport_label": "6.25-2.0.5-5-5.2", "gen_vectors": [[2, 3, 4, 5, 1, 7, 8, 9, 10, 6, 12, 13, 14, 15, 11, 17, 18, 19, 20, 16, 22, 23, 24, 25, 21], [11, 12, 13, 14, 15, 16, 17, 18, 19, 20, 21, 22, 23, 24, 25, 1, 2, 3, 4, 5, 6, 7, 8, 9, 10], [20, 16, 17, 18, 19, 25, 21, 22, 23, 24, 5, 1, 2, 3, 4, 10, 6, 7, 8, 9, 15, 11, 12, 13, 14]], "total_label": "6.25-2.0.5-5-5.2.1", "cc": [2, 1], "label": "6.25-2.0.5-5-5", "genus": 6, "signature": "[0,5,5,5]", "group": "[25,2]", "_id": {"$oid": "579bcaa075d28e4971d3f579"}}, {"passport_label": "6.25-2.0.5-5-5.3", "gen_vectors": [[2, 3, 4, 5, 1, 7, 8, 9, 10, 6, 12, 13, 14, 15, 11, 17, 18, 19, 20, 16, 22, 23, 24, 25, 21], [16, 17, 18, 19, 20, 21, 22, 23, 24, 25, 1, 2, 3, 4, 5, 6, 7, 8, 9, 10, 11, 12, 13, 14, 15], [15, 11, 12, 13, 14, 20, 16, 17, 18, 19, 25, 21, 22, 23, 24, 5, 1, 2, 3, 4, 10, 6, 7, 8, 9]], "total_label": "6.25-2.0.5-5-5.3.1", "cc": [3, 1], "label": "6.25-2.0.5-5-5", "genus": 6, "signature": "[0,5,5,5]", "group": "[25,2]", "_id": {"$oid": "579bcaa175d28e4971d3f57a"}}, {"passport_label": "6.25-2.0.5-5-5.4", "gen_vectors": [[2, 3, 4, 5, 1, 7, 8, 9, 10, 6, 12, 13, 14, 15, 11, 17, 18, 19, 20, 16, 22, 23, 24, 25, 21], [21, 22, 23, 24, 25, 1, 2, 3, 4, 5, 6, 7, 8, 9, 10, 11, 12, 13, 14, 15, 16, 17, 18, 19, 20], [10, 6, 7, 8, 9, 15, 11, 12, 13, 14, 20, 16, 17, 18, 19, 25, 21, 22, 23, 24, 5, 1, 2, 3, 4]], "total_label": "6.25-2.0.5-5-5.4.1", "cc": [4, 1], "label": "6.25-2.0.5-5-5", "genus": 6, "signature": "[0,5,5,5]", "group": "[25,2]", "_id": {"$oid": "579bcaa175d28e4971d3f57b"}}, {"passport_label": "6.25-2.0.5-5-5.5", "gen_vectors": [[2, 3, 4, 5, 1, 7, 8, 9, 10, 6, 12, 13, 14, 15, 11, 17, 18, 19, 20, 16, 22, 23, 24, 25, 21], [7, 8, 9, 10, 6, 12, 13, 14, 15, 11, 17, 18, 19, 20, 16, 22, 23, 24, 25, 21, 2, 3, 4, 5, 1], [24, 25, 21, 22, 23, 4, 5, 1, 2, 3, 9, 10, 6, 7, 8, 14, 15, 11, 12, 13, 19, 20, 16, 17, 18]], "total_label": "6.25-2.0.5-5-5.5.1", "cc": [5, 1], "label": "6.25-2.0.5-5-5", "genus": 6, "signature": "[0,5,5,5]", "group": "[25,2]", "_id": {"$oid": "579bcaa275d28e4971d3f57c"}}, {"passport_label": "6.25-2.0.5-5-5.6", "gen_vectors": [[2, 3, 4, 5, 1, 7, 8, 9, 10, 6, 12, 13, 14, 15, 11, 17, 18, 19, 20, 16, 22, 23, 24, 25, 21], [13, 14, 15, 11, 12, 18, 19, 20, 16, 17, 23, 24, 25, 21, 22, 3, 4, 5, 1, 2, 8, 9, 10, 6, 7], [18, 19, 20, 16, 17, 23, 24, 25, 21, 22, 3, 4, 5, 1, 2, 8, 9, 10, 6, 7, 13, 14, 15, 11, 12]], "total_label": "6.25-2.0.5-5-5.6.1", "cc": [6, 1], "label": "6.25-2.0.5-5-5", "genus": 6, "signature": "[0,5,5,5]", "group": "[25,2]", "_id": {"$oid": "579bcaa275d28e4971d3f57d"}}, {"passport_label": "6.25-2.0.5-5-5.7", "gen_vectors": [[2, 3, 4, 5, 1, 7, 8, 9, 10, 6, 12, 13, 14, 15, 11, 17, 18, 19, 20, 16, 22, 23, 24, 25, 21], [19, 20, 16, 17, 18, 24, 25, 21, 22, 23, 4, 5, 1, 2, 3, 9, 10, 6, 7, 8, 14, 15, 11, 12, 13], [12, 13, 14, 15, 11, 17, 18, 19, 20, 16, 22, 23, 24, 25, 21, 2, 3, 4, 5, 1, 7, 8, 9, 10, 6]], "total_label": "6.25-2.0.5-5-5.7.1", "cc": [7, 1], "label": "6.25-2.0.5-5-5", "genus": 6, "signature": "[0,5,5,5]", "group": "[25,2]", "_id": {"$oid": "579bcaa375d28e4971d3f57e"}}, {"passport_label": "6.25-2.0.5-5-5.8", "gen_vectors": [[2, 3, 4, 5, 1, 7, 8, 9, 10, 6, 12, 13, 14, 15, 11, 17, 18, 19, 20, 16, 22, 23, 24, 25, 21], [8, 9, 10, 6, 7, 13, 14, 15, 11, 12, 18, 19, 20, 16, 17, 23, 24, 25, 21, 22, 3, 4, 5, 1, 2], [23, 24, 25, 21, 22, 3, 4, 5, 1, 2, 8, 9, 10, 6, 7, 13, 14, 15, 11, 12, 18, 19, 20, 16, 17]], "total_label": "6.25-2.0.5-5-5.8.1", "cc": [8, 1], "label": "6.25-2.0.5-5-5", "genus": 6, "signature": "[0,5,5,5]", "group": "[25,2]", "_id": {"$oid": "579bcaa375d28e4971d3f57f"}}, {"passport_label": "6.25-2.0.5-5-5.9", "gen_vectors": [[2, 3, 4, 5, 1, 7, 8, 9, 10, 6, 12, 13, 14, 15, 11, 17, 18, 19, 20, 16, 22, 23, 24, 25, 21], [17, 18, 19, 20, 16, 22, 23, 24, 25, 21, 2, 3, 4, 5, 1, 7, 8, 9, 10, 6, 12, 13, 14, 15, 11], [14, 15, 11, 12, 13, 19, 20, 16, 17, 18, 24, 25, 21, 22, 23, 4, 5, 1, 2, 3, 9, 10, 6, 7, 8]], "total_label": "6.25-2.0.5-5-5.9.1", "cc": [9, 1], "label": "6.25-2.0.5-5-5", "genus": 6, "signature": "[0,5,5,5]", "group": "[25,2]", "_id": {"$oid": "579bcaa475d28e4971d3f580"}}, {"passport_label": "6.25-2.0.5-5-5.10", "gen_vectors": [[2, 3, 4, 5, 1, 7, 8, 9, 10, 6, 12, 13, 14, 15, 11, 17, 18, 19, 20, 16, 22, 23, 24, 25, 21], [9, 10, 6, 7, 8, 14, 15, 11, 12, 13, 19, 20, 16, 17, 18, 24, 25, 21, 22, 23, 4, 5, 1, 2, 3], [22, 23, 24, 25, 21, 2, 3, 4, 5, 1, 7, 8, 9, 10, 6, 12, 13, 14, 15, 11, 17, 18, 19, 20, 16]], "total_label": "6.25-2.0.5-5-5.10.1", "cc": [10, 1], "label": "6.25-2.0.5-5-5", "genus": 6, "signature": "[0,5,5,5]", "group": "[25,2]", "_id": {"$oid": "579bcaa475d28e4971d3f581"}}, {"passport_label": "6.25-2.0.5-5-5.11", "gen_vectors": [[3, 4, 5, 1, 2, 8, 9, 10, 6, 7, 13, 14, 15, 11, 12, 18, 19, 20, 16, 17, 23, 24, 25, 21, 22], [6, 7, 8, 9, 10, 11, 12, 13, 14, 15, 16, 17, 18, 19, 20, 21, 22, 23, 24, 25, 1, 2, 3, 4, 5], [24, 25, 21, 22, 23, 4, 5, 1, 2, 3, 9, 10, 6, 7, 8, 14, 15, 11, 12, 13, 19, 20, 16, 17, 18]], "total_label": "6.25-2.0.5-5-5.11.1", "cc": [11, 1], "label": "6.25-2.0.5-5-5", "genus": 6, "signature": "[0,5,5,5]", "group": "[25,2]", "_id": {"$oid": "579bcaa575d28e4971d3f582"}}, {"passport_label": "6.25-2.0.5-5-5.12", "gen_vectors": [[3, 4, 5, 1, 2, 8, 9, 10, 6, 7, 13, 14, 15, 11, 12, 18, 19, 20, 16, 17, 23, 24, 25, 21, 22], [11, 12, 13, 14, 15, 16, 17, 18, 19, 20, 21, 22, 23, 24, 25, 1, 2, 3, 4, 5, 6, 7, 8, 9, 10], [19, 20, 16, 17, 18, 24, 25, 21, 22, 23, 4, 5, 1, 2, 3, 9, 10, 6, 7, 8, 14, 15, 11, 12, 13]], "total_label": "6.25-2.0.5-5-5.12.1", "cc": [12, 1], "label": "6.25-2.0.5-5-5", "genus": 6, "signature": "[0,5,5,5]", "group": "[25,2]", "_id": {"$oid": "579bcaa575d28e4971d3f583"}}, {"passport_label": "6.25-2.0.5-5-5.13", "gen_vectors": [[3, 4, 5, 1, 2, 8, 9, 10, 6, 7, 13, 14, 15, 11, 12, 18, 19, 20, 16, 17, 23, 24, 25, 21, 22], [16, 17, 18, 19, 20, 21, 22, 23, 24, 25, 1, 2, 3, 4, 5, 6, 7, 8, 9, 10, 11, 12, 13, 14, 15], [14, 15, 11, 12, 13, 19, 20, 16, 17, 18, 24, 25, 21, 22, 23, 4, 5, 1, 2, 3, 9, 10, 6, 7, 8]], "total_label": "6.25-2.0.5-5-5.13.1", "cc": [13, 1], "label": "6.25-2.0.5-5-5", "genus": 6, "signature": "[0,5,5,5]", "group": "[25,2]", "_id": {"$oid": "579bcaa675d28e4971d3f584"}}, {"passport_label": "6.25-2.0.5-5-5.14", "gen_vectors": [[3, 4, 5, 1, 2, 8, 9, 10, 6, 7, 13, 14, 15, 11, 12, 18, 19, 20, 16, 17, 23, 24, 25, 21, 22], [21, 22, 23, 24, 25, 1, 2, 3, 4, 5, 6, 7, 8, 9, 10, 11, 12, 13, 14, 15, 16, 17, 18, 19, 20], [9, 10, 6, 7, 8, 14, 15, 11, 12, 13, 19, 20, 16, 17, 18, 24, 25, 21, 22, 23, 4, 5, 1, 2, 3]], "total_label": "6.25-2.0.5-5-5.14.1", "cc": [14, 1], "label": "6.25-2.0.5-5-5", "genus": 6, "signature": "[0,5,5,5]", "group": "[25,2]", "_id": {"$oid": "579bcaa675d28e4971d3f585"}}, {"passport_label": "6.25-2.0.5-5-5.15", "gen_vectors": [[3, 4, 5, 1, 2, 8, 9, 10, 6, 7, 13, 14, 15, 11, 12, 18, 19, 20, 16, 17, 23, 24, 25, 21, 22], [7, 8, 9, 10, 6, 12, 13, 14, 15, 11, 17, 18, 19, 20, 16, 22, 23, 24, 25, 21, 2, 3, 4, 5, 1], [23, 24, 25, 21, 22, 3, 4, 5, 1, 2, 8, 9, 10, 6, 7, 13, 14, 15, 11, 12, 18, 19, 20, 16, 17]], "total_label": "6.25-2.0.5-5-5.15.1", "cc": [15, 1], "label": "6.25-2.0.5-5-5", "genus": 6, "signature": "[0,5,5,5]", "group": "[25,2]", "_id": {"$oid": "579bcaa775d28e4971d3f586"}}, {"passport_label": "6.25-2.0.5-5-5.16", "gen_vectors": [[3, 4, 5, 1, 2, 8, 9, 10, 6, 7, 13, 14, 15, 11, 12, 18, 19, 20, 16, 17, 23, 24, 25, 21, 22], [13, 14, 15, 11, 12, 18, 19, 20, 16, 17, 23, 24, 25, 21, 22, 3, 4, 5, 1, 2, 8, 9, 10, 6, 7], [17, 18, 19, 20, 16, 22, 23, 24, 25, 21, 2, 3, 4, 5, 1, 7, 8, 9, 10, 6, 12, 13, 14, 15, 11]], "total_label": "6.25-2.0.5-5-5.16.1", "cc": [16, 1], "label": "6.25-2.0.5-5-5", "genus": 6, "signature": "[0,5,5,5]", "group": "[25,2]", "_id": {"$oid": "579bcaa775d28e4971d3f587"}}, {"passport_label": "6.25-2.0.5-5-5.17", "gen_vectors": [[3, 4, 5, 1, 2, 8, 9, 10, 6, 7, 13, 14, 15, 11, 12, 18, 19, 20, 16, 17, 23, 24, 25, 21, 22], [25, 21, 22, 23, 24, 5, 1, 2, 3, 4, 10, 6, 7, 8, 9, 15, 11, 12, 13, 14, 20, 16, 17, 18, 19], [10, 6, 7, 8, 9, 15, 11, 12, 13, 14, 20, 16, 17, 18, 19, 25, 21, 22, 23, 24, 5, 1, 2, 3, 4]], "total_label": "6.25-2.0.5-5-5.17.1", "cc": [17, 1], "label": "6.25-2.0.5-5-5", "genus": 6, "signature": "[0,5,5,5]", "group": "[25,2]", "_id": {"$oid": "579bcaa875d28e4971d3f588"}}, {"passport_label": "6.25-2.0.5-5-5.18", "gen_vectors": [[3, 4, 5, 1, 2, 8, 9, 10, 6, 7, 13, 14, 15, 11, 12, 18, 19, 20, 16, 17, 23, 24, 25, 21, 22], [8, 9, 10, 6, 7, 13, 14, 15, 11, 12, 18, 19, 20, 16, 17, 23, 24, 25, 21, 22, 3, 4, 5, 1, 2], [22, 23, 24, 25, 21, 2, 3, 4, 5, 1, 7, 8, 9, 10, 6, 12, 13, 14, 15, 11, 17, 18, 19, 20, 16]], "total_label": "6.25-2.0.5-5-5.18.1", "cc": [18, 1], "label": "6.25-2.0.5-5-5", "genus": 6, "signature": "[0,5,5,5]", "group": "[25,2]", "_id": {"$oid": "579bcaa875d28e4971d3f589"}}, {"passport_label": "6.25-2.0.5-5-5.19", "gen_vectors": [[3, 4, 5, 1, 2, 8, 9, 10, 6, 7, 13, 14, 15, 11, 12, 18, 19, 20, 16, 17, 23, 24, 25, 21, 22], [15, 11, 12, 13, 14, 20, 16, 17, 18, 19, 25, 21, 22, 23, 24, 5, 1, 2, 3, 4, 10, 6, 7, 8, 9], [20, 16, 17, 18, 19, 25, 21, 22, 23, 24, 5, 1, 2, 3, 4, 10, 6, 7, 8, 9, 15, 11, 12, 13, 14]], "total_label": "6.25-2.0.5-5-5.19.1", "cc": [19, 1], "label": "6.25-2.0.5-5-5", "genus": 6, "signature": "[0,5,5,5]", "group": "[25,2]", "_id": {"$oid": "579bcaa975d28e4971d3f58a"}}, {"passport_label": "6.25-2.0.5-5-5.20", "gen_vectors": [[3, 4, 5, 1, 2, 8, 9, 10, 6, 7, 13, 14, 15, 11, 12, 18, 19, 20, 16, 17, 23, 24, 25, 21, 22], [12, 13, 14, 15, 11, 17, 18, 19, 20, 16, 22, 23, 24, 25, 21, 2, 3, 4, 5, 1, 7, 8, 9, 10, 6], [18, 19, 20, 16, 17, 23, 24, 25, 21, 22, 3, 4, 5, 1, 2, 8, 9, 10, 6, 7, 13, 14, 15, 11, 12]], "total_label": "6.25-2.0.5-5-5.20.1", "cc": [20, 1], "label": "6.25-2.0.5-5-5", "genus": 6, "signature": "[0,5,5,5]", "group": "[25,2]", "_id": {"$oid": "579bcaaa75d28e4971d3f58b"}}, {"passport_label": "6.25-2.0.5-5-5.21", "gen_vectors": [[4, 5, 1, 2, 3, 9, 10, 6, 7, 8, 14, 15, 11, 12, 13, 19, 20, 16, 17, 18, 24, 25, 21, 22, 23], [6, 7, 8, 9, 10, 11, 12, 13, 14, 15, 16, 17, 18, 19, 20, 21, 22, 23, 24, 25, 1, 2, 3, 4, 5], [23, 24, 25, 21, 22, 3, 4, 5, 1, 2, 8, 9, 10, 6, 7, 13, 14, 15, 11, 12, 18, 19, 20, 16, 17]], "total_label": "6.25-2.0.5-5-5.21.1", "cc": [21, 1], "label": "6.25-2.0.5-5-5", "genus": 6, "signature": "[0,5,5,5]", "group": "[25,2]", "_id": {"$oid": "579bcaaa75d28e4971d3f58c"}}, {"passport_label": "6.25-2.0.5-5-5.22", "gen_vectors": [[4, 5, 1, 2, 3, 9, 10, 6, 7, 8, 14, 15, 11, 12, 13, 19, 20, 16, 17, 18, 24, 25, 21, 22, 23], [11, 12, 13, 14, 15, 16, 17, 18, 19, 20, 21, 22, 23, 24, 25, 1, 2, 3, 4, 5, 6, 7, 8, 9, 10], [18, 19, 20, 16, 17, 23, 24, 25, 21, 22, 3, 4, 5, 1, 2, 8, 9, 10, 6, 7, 13, 14, 15, 11, 12]], "total_label": "6.25-2.0.5-5-5.22.1", "cc": [22, 1], "label": "6.25-2.0.5-5-5", "genus": 6, "signature": "[0,5,5,5]", "group": "[25,2]", "_id": {"$oid": "579bcaaa75d28e4971d3f58d"}}, {"passport_label": "6.25-2.0.5-5-5.23", "gen_vectors": [[4, 5, 1, 2, 3, 9, 10, 6, 7, 8, 14, 15, 11, 12, 13, 19, 20, 16, 17, 18, 24, 25, 21, 22, 23], [16, 17, 18, 19, 20, 21, 22, 23, 24, 25, 1, 2, 3, 4, 5, 6, 7, 8, 9, 10, 11, 12, 13, 14, 15], [13, 14, 15, 11, 12, 18, 19, 20, 16, 17, 23, 24, 25, 21, 22, 3, 4, 5, 1, 2, 8, 9, 10, 6, 7]], "total_label": "6.25-2.0.5-5-5.23.1", "cc": [23, 1], "label": "6.25-2.0.5-5-5", "genus": 6, "signature": "[0,5,5,5]", "group": "[25,2]", "_id": {"$oid": "579bcaab75d28e4971d3f58e"}}, {"passport_label": "6.25-2.0.5-5-5.24", "gen_vectors": [[4, 5, 1, 2, 3, 9, 10, 6, 7, 8, 14, 15, 11, 12, 13, 19, 20, 16, 17, 18, 24, 25, 21, 22, 23], [21, 22, 23, 24, 25, 1, 2, 3, 4, 5, 6, 7, 8, 9, 10, 11, 12, 13, 14, 15, 16, 17, 18, 19, 20], [8, 9, 10, 6, 7, 13, 14, 15, 11, 12, 18, 19, 20, 16, 17, 23, 24, 25, 21, 22, 3, 4, 5, 1, 2]], "total_label": "6.25-2.0.5-5-5.24.1", "cc": [24, 1], "label": "6.25-2.0.5-5-5", "genus": 6, "signature": "[0,5,5,5]", "group": "[25,2]", "_id": {"$oid": "579bcaab75d28e4971d3f58f"}}, {"passport_label": "6.25-2.0.5-5-5.25", "gen_vectors": [[4, 5, 1, 2, 3, 9, 10, 6, 7, 8, 14, 15, 11, 12, 13, 19, 20, 16, 17, 18, 24, 25, 21, 22, 23], [7, 8, 9, 10, 6, 12, 13, 14, 15, 11, 17, 18, 19, 20, 16, 22, 23, 24, 25, 21, 2, 3, 4, 5, 1], [22, 23, 24, 25, 21, 2, 3, 4, 5, 1, 7, 8, 9, 10, 6, 12, 13, 14, 15, 11, 17, 18, 19, 20, 16]], "total_label": "6.25-2.0.5-5-5.25.1", "cc": [25, 1], "label": "6.25-2.0.5-5-5", "genus": 6, "signature": "[0,5,5,5]", "group": "[25,2]", "_id": {"$oid": "579bcaac75d28e4971d3f590"}}, {"passport_label": "6.25-2.0.5-5-5.26", "gen_vectors": [[4, 5, 1, 2, 3, 9, 10, 6, 7, 8, 14, 15, 11, 12, 13, 19, 20, 16, 17, 18, 24, 25, 21, 22, 23], [19, 20, 16, 17, 18, 24, 25, 21, 22, 23, 4, 5, 1, 2, 3, 9, 10, 6, 7, 8, 14, 15, 11, 12, 13], [15, 11, 12, 13, 14, 20, 16, 17, 18, 19, 25, 21, 22, 23, 24, 5, 1, 2, 3, 4, 10, 6, 7, 8, 9]], "total_label": "6.25-2.0.5-5-5.26.1", "cc": [26, 1], "label": "6.25-2.0.5-5-5", "genus": 6, "signature": "[0,5,5,5]", "group": "[25,2]", "_id": {"$oid": "579bcaac75d28e4971d3f591"}}, {"passport_label": "6.25-2.0.5-5-5.27", "gen_vectors": [[4, 5, 1, 2, 3, 9, 10, 6, 7, 8, 14, 15, 11, 12, 13, 19, 20, 16, 17, 18, 24, 25, 21, 22, 23], [25, 21, 22, 23, 24, 5, 1, 2, 3, 4, 10, 6, 7, 8, 9, 15, 11, 12, 13, 14, 20, 16, 17, 18, 19], [9, 10, 6, 7, 8, 14, 15, 11, 12, 13, 19, 20, 16, 17, 18, 24, 25, 21, 22, 23, 4, 5, 1, 2, 3]], "total_label": "6.25-2.0.5-5-5.27.1", "cc": [27, 1], "label": "6.25-2.0.5-5-5", "genus": 6, "signature": "[0,5,5,5]", "group": "[25,2]", "_id": {"$oid": "579bcaad75d28e4971d3f592"}}, {"passport_label": "6.25-2.0.5-5-5.28", "gen_vectors": [[4, 5, 1, 2, 3, 9, 10, 6, 7, 8, 14, 15, 11, 12, 13, 19, 20, 16, 17, 18, 24, 25, 21, 22, 23], [17, 18, 19, 20, 16, 22, 23, 24, 25, 21, 2, 3, 4, 5, 1, 7, 8, 9, 10, 6, 12, 13, 14, 15, 11], [12, 13, 14, 15, 11, 17, 18, 19, 20, 16, 22, 23, 24, 25, 21, 2, 3, 4, 5, 1, 7, 8, 9, 10, 6]], "total_label": "6.25-2.0.5-5-5.28.1", "cc": [28, 1], "label": "6.25-2.0.5-5-5", "genus": 6, "signature": "[0,5,5,5]", "group": "[25,2]", "_id": {"$oid": "579bcaae75d28e4971d3f593"}}, {"passport_label": "6.25-2.0.5-5-5.29", "gen_vectors": [[4, 5, 1, 2, 3, 9, 10, 6, 7, 8, 14, 15, 11, 12, 13, 19, 20, 16, 17, 18, 24, 25, 21, 22, 23], [24, 25, 21, 22, 23, 4, 5, 1, 2, 3, 9, 10, 6, 7, 8, 14, 15, 11, 12, 13, 19, 20, 16, 17, 18], [10, 6, 7, 8, 9, 15, 11, 12, 13, 14, 20, 16, 17, 18, 19, 25, 21, 22, 23, 24, 5, 1, 2, 3, 4]], "total_label": "6.25-2.0.5-5-5.29.1", "cc": [29, 1], "label": "6.25-2.0.5-5-5", "genus": 6, "signature": "[0,5,5,5]", "group": "[25,2]", "_id": {"$oid": "579bcaaf75d28e4971d3f594"}}, {"passport_label": "6.25-2.0.5-5-5.30", "gen_vectors": [[4, 5, 1, 2, 3, 9, 10, 6, 7, 8, 14, 15, 11, 12, 13, 19, 20, 16, 17, 18, 24, 25, 21, 22, 23], [20, 16, 17, 18, 19, 25, 21, 22, 23, 24, 5, 1, 2, 3, 4, 10, 6, 7, 8, 9, 15, 11, 12, 13, 14], [14, 15, 11, 12, 13, 19, 20, 16, 17, 18, 24, 25, 21, 22, 23, 4, 5, 1, 2, 3, 9, 10, 6, 7, 8]], "total_label": "6.25-2.0.5-5-5.30.1", "cc": [30, 1], "label": "6.25-2.0.5-5-5", "genus": 6, "signature": "[0,5,5,5]", "group": "[25,2]", "_id": {"$oid": "579bcaaf75d28e4971d3f595"}}, {"passport_label": "6.25-2.0.5-5-5.31", "gen_vectors": [[5, 1, 2, 3, 4, 10, 6, 7, 8, 9, 15, 11, 12, 13, 14, 20, 16, 17, 18, 19, 25, 21, 22, 23, 24], [6, 7, 8, 9, 10, 11, 12, 13, 14, 15, 16, 17, 18, 19, 20, 21, 22, 23, 24, 25, 1, 2, 3, 4, 5], [22, 23, 24, 25, 21, 2, 3, 4, 5, 1, 7, 8, 9, 10, 6, 12, 13, 14, 15, 11, 17, 18, 19, 20, 16]], "total_label": "6.25-2.0.5-5-5.31.1", "cc": [31, 1], "label": "6.25-2.0.5-5-5", "genus": 6, "signature": "[0,5,5,5]", "group": "[25,2]", "_id": {"$oid": "579bcab075d28e4971d3f596"}}, {"passport_label": "6.25-2.0.5-5-5.32", "gen_vectors": [[5, 1, 2, 3, 4, 10, 6, 7, 8, 9, 15, 11, 12, 13, 14, 20, 16, 17, 18, 19, 25, 21, 22, 23, 24], [11, 12, 13, 14, 15, 16, 17, 18, 19, 20, 21, 22, 23, 24, 25, 1, 2, 3, 4, 5, 6, 7, 8, 9, 10], [17, 18, 19, 20, 16, 22, 23, 24, 25, 21, 2, 3, 4, 5, 1, 7, 8, 9, 10, 6, 12, 13, 14, 15, 11]], "total_label": "6.25-2.0.5-5-5.32.1", "cc": [32, 1], "label": "6.25-2.0.5-5-5", "genus": 6, "signature": "[0,5,5,5]", "group": "[25,2]", "_id": {"$oid": "579bcab075d28e4971d3f597"}}, {"passport_label": "6.25-2.0.5-5-5.33", "gen_vectors": [[5, 1, 2, 3, 4, 10, 6, 7, 8, 9, 15, 11, 12, 13, 14, 20, 16, 17, 18, 19, 25, 21, 22, 23, 24], [16, 17, 18, 19, 20, 21, 22, 23, 24, 25, 1, 2, 3, 4, 5, 6, 7, 8, 9, 10, 11, 12, 13, 14, 15], [12, 13, 14, 15, 11, 17, 18, 19, 20, 16, 22, 23, 24, 25, 21, 2, 3, 4, 5, 1, 7, 8, 9, 10, 6]], "total_label": "6.25-2.0.5-5-5.33.1", "cc": [33, 1], "label": "6.25-2.0.5-5-5", "genus": 6, "signature": "[0,5,5,5]", "group": "[25,2]", "_id": {"$oid": "579bcab175d28e4971d3f598"}}, {"passport_label": "6.25-2.0.5-5-5.34", "gen_vectors": [[5, 1, 2, 3, 4, 10, 6, 7, 8, 9, 15, 11, 12, 13, 14, 20, 16, 17, 18, 19, 25, 21, 22, 23, 24], [21, 22, 23, 24, 25, 1, 2, 3, 4, 5, 6, 7, 8, 9, 10, 11, 12, 13, 14, 15, 16, 17, 18, 19, 20], [7, 8, 9, 10, 6, 12, 13, 14, 15, 11, 17, 18, 19, 20, 16, 22, 23, 24, 25, 21, 2, 3, 4, 5, 1]], "total_label": "6.25-2.0.5-5-5.34.1", "cc": [34, 1], "label": "6.25-2.0.5-5-5", "genus": 6, "signature": "[0,5,5,5]", "group": "[25,2]", "_id": {"$oid": "579bcab175d28e4971d3f599"}}, {"passport_label": "6.25-2.0.5-5-5.35", "gen_vectors": [[5, 1, 2, 3, 4, 10, 6, 7, 8, 9, 15, 11, 12, 13, 14, 20, 16, 17, 18, 19, 25, 21, 22, 23, 24], [13, 14, 15, 11, 12, 18, 19, 20, 16, 17, 23, 24, 25, 21, 22, 3, 4, 5, 1, 2, 8, 9, 10, 6, 7], [20, 16, 17, 18, 19, 25, 21, 22, 23, 24, 5, 1, 2, 3, 4, 10, 6, 7, 8, 9, 15, 11, 12, 13, 14]], "total_label": "6.25-2.0.5-5-5.35.1", "cc": [35, 1], "label": "6.25-2.0.5-5-5", "genus": 6, "signature": "[0,5,5,5]", "group": "[25,2]", "_id": {"$oid": "579bcab275d28e4971d3f59a"}}, {"passport_label": "6.25-2.0.5-5-5.36", "gen_vectors": [[5, 1, 2, 3, 4, 10, 6, 7, 8, 9, 15, 11, 12, 13, 14, 20, 16, 17, 18, 19, 25, 21, 22, 23, 24], [19, 20, 16, 17, 18, 24, 25, 21, 22, 23, 4, 5, 1, 2, 3, 9, 10, 6, 7, 8, 14, 15, 11, 12, 13], [14, 15, 11, 12, 13, 19, 20, 16, 17, 18, 24, 25, 21, 22, 23, 4, 5, 1, 2, 3, 9, 10, 6, 7, 8]], "total_label": "6.25-2.0.5-5-5.36.1", "cc": [36, 1], "label": "6.25-2.0.5-5-5", "genus": 6, "signature": "[0,5,5,5]", "group": "[25,2]", "_id": {"$oid": "579bcab275d28e4971d3f59b"}}, {"passport_label": "6.25-2.0.5-5-5.37", "gen_vectors": [[5, 1, 2, 3, 4, 10, 6, 7, 8, 9, 15, 11, 12, 13, 14, 20, 16, 17, 18, 19, 25, 21, 22, 23, 24], [25, 21, 22, 23, 24, 5, 1, 2, 3, 4, 10, 6, 7, 8, 9, 15, 11, 12, 13, 14, 20, 16, 17, 18, 19], [8, 9, 10, 6, 7, 13, 14, 15, 11, 12, 18, 19, 20, 16, 17, 23, 24, 25, 21, 22, 3, 4, 5, 1, 2]], "total_label": "6.25-2.0.5-5-5.37.1", "cc": [37, 1], "label": "6.25-2.0.5-5-5", "genus": 6, "signature": "[0,5,5,5]", "group": "[25,2]", "_id": {"$oid": "579bcab375d28e4971d3f59c"}}, {"passport_label": "6.25-2.0.5-5-5.38", "gen_vectors": [[5, 1, 2, 3, 4, 10, 6, 7, 8, 9, 15, 11, 12, 13, 14, 20, 16, 17, 18, 19, 25, 21, 22, 23, 24], [15, 11, 12, 13, 14, 20, 16, 17, 18, 19, 25, 21, 22, 23, 24, 5, 1, 2, 3, 4, 10, 6, 7, 8, 9], [18, 19, 20, 16, 17, 23, 24, 25, 21, 22, 3, 4, 5, 1, 2, 8, 9, 10, 6, 7, 13, 14, 15, 11, 12]], "total_label": "6.25-2.0.5-5-5.38.1", "cc": [38, 1], "label": "6.25-2.0.5-5-5", "genus": 6, "signature": "[0,5,5,5]", "group": "[25,2]", "_id": {"$oid": "579bcab375d28e4971d3f59d"}}, {"passport_label": "6.25-2.0.5-5-5.39", "gen_vectors": [[5, 1, 2, 3, 4, 10, 6, 7, 8, 9, 15, 11, 12, 13, 14, 20, 16, 17, 18, 19, 25, 21, 22, 23, 24], [24, 25, 21, 22, 23, 4, 5, 1, 2, 3, 9, 10, 6, 7, 8, 14, 15, 11, 12, 13, 19, 20, 16, 17, 18], [9, 10, 6, 7, 8, 14, 15, 11, 12, 13, 19, 20, 16, 17, 18, 24, 25, 21, 22, 23, 4, 5, 1, 2, 3]], "total_label": "6.25-2.0.5-5-5.39.1", "cc": [39, 1], "label": "6.25-2.0.5-5-5", "genus": 6, "signature": "[0,5,5,5]", "group": "[25,2]", "_id": {"$oid": "579bcab475d28e4971d3f59e"}}, {"passport_label": "6.25-2.0.5-5-5.40", "gen_vectors": [[5, 1, 2, 3, 4, 10, 6, 7, 8, 9, 15, 11, 12, 13, 14, 20, 16, 17, 18, 19, 25, 21, 22, 23, 24], [23, 24, 25, 21, 22, 3, 4, 5, 1, 2, 8, 9, 10, 6, 7, 13, 14, 15, 11, 12, 18, 19, 20, 16, 17], [10, 6, 7, 8, 9, 15, 11, 12, 13, 14, 20, 16, 17, 18, 19, 25, 21, 22, 23, 24, 5, 1, 2, 3, 4]], "total_label": "6.25-2.0.5-5-5.40.1", "cc": [40, 1], "label": "6.25-2.0.5-5-5", "genus": 6, "signature": "[0,5,5,5]", "group": "[25,2]", "_id": {"$oid": "579bcab475d28e4971d3f59f"}}, {"passport_label": "6.25-2.0.5-5-5.41", "gen_vectors": [[6, 7, 8, 9, 10, 11, 12, 13, 14, 15, 16, 17, 18, 19, 20, 21, 22, 23, 24, 25, 1, 2, 3, 4, 5], [7, 8, 9, 10, 6, 12, 13, 14, 15, 11, 17, 18, 19, 20, 16, 22, 23, 24, 25, 21, 2, 3, 4, 5, 1], [20, 16, 17, 18, 19, 25, 21, 22, 23, 24, 5, 1, 2, 3, 4, 10, 6, 7, 8, 9, 15, 11, 12, 13, 14]], "total_label": "6.25-2.0.5-5-5.41.1", "cc": [41, 1], "label": "6.25-2.0.5-5-5", "genus": 6, "signature": "[0,5,5,5]", "group": "[25,2]", "_id": {"$oid": "579bcab575d28e4971d3f5a0"}}, {"passport_label": "6.25-2.0.5-5-5.42", "gen_vectors": [[6, 7, 8, 9, 10, 11, 12, 13, 14, 15, 16, 17, 18, 19, 20, 21, 22, 23, 24, 25, 1, 2, 3, 4, 5], [13, 14, 15, 11, 12, 18, 19, 20, 16, 17, 23, 24, 25, 21, 22, 3, 4, 5, 1, 2, 8, 9, 10, 6, 7], [14, 15, 11, 12, 13, 19, 20, 16, 17, 18, 24, 25, 21, 22, 23, 4, 5, 1, 2, 3, 9, 10, 6, 7, 8]], "total_label": "6.25-2.0.5-5-5.42.1", "cc": [42, 1], "label": "6.25-2.0.5-5-5", "genus": 6, "signature": "[0,5,5,5]", "group": "[25,2]", "_id": {"$oid": "579bcab575d28e4971d3f5a1"}}, {"passport_label": "6.25-2.0.5-5-5.43", "gen_vectors": [[6, 7, 8, 9, 10, 11, 12, 13, 14, 15, 16, 17, 18, 19, 20, 21, 22, 23, 24, 25, 1, 2, 3, 4, 5], [19, 20, 16, 17, 18, 24, 25, 21, 22, 23, 4, 5, 1, 2, 3, 9, 10, 6, 7, 8, 14, 15, 11, 12, 13], [8, 9, 10, 6, 7, 13, 14, 15, 11, 12, 18, 19, 20, 16, 17, 23, 24, 25, 21, 22, 3, 4, 5, 1, 2]], "total_label": "6.25-2.0.5-5-5.43.1", "cc": [43, 1], "label": "6.25-2.0.5-5-5", "genus": 6, "signature": "[0,5,5,5]", "group": "[25,2]", "_id": {"$oid": "579bcab675d28e4971d3f5a2"}}, {"passport_label": "6.25-2.0.5-5-5.44", "gen_vectors": [[6, 7, 8, 9, 10, 11, 12, 13, 14, 15, 16, 17, 18, 19, 20, 21, 22, 23, 24, 25, 1, 2, 3, 4, 5], [15, 11, 12, 13, 14, 20, 16, 17, 18, 19, 25, 21, 22, 23, 24, 5, 1, 2, 3, 4, 10, 6, 7, 8, 9], [12, 13, 14, 15, 11, 17, 18, 19, 20, 16, 22, 23, 24, 25, 21, 2, 3, 4, 5, 1, 7, 8, 9, 10, 6]], "total_label": "6.25-2.0.5-5-5.44.1", "cc": [44, 1], "label": "6.25-2.0.5-5-5", "genus": 6, "signature": "[0,5,5,5]", "group": "[25,2]", "_id": {"$oid": "579bcab675d28e4971d3f5a3"}}, {"passport_label": "6.25-2.0.5-5-5.45", "gen_vectors": [[6, 7, 8, 9, 10, 11, 12, 13, 14, 15, 16, 17, 18, 19, 20, 21, 22, 23, 24, 25, 1, 2, 3, 4, 5], [17, 18, 19, 20, 16, 22, 23, 24, 25, 21, 2, 3, 4, 5, 1, 7, 8, 9, 10, 6, 12, 13, 14, 15, 11], [10, 6, 7, 8, 9, 15, 11, 12, 13, 14, 20, 16, 17, 18, 19, 25, 21, 22, 23, 24, 5, 1, 2, 3, 4]], "total_label": "6.25-2.0.5-5-5.45.1", "cc": [45, 1], "label": "6.25-2.0.5-5-5", "genus": 6, "signature": "[0,5,5,5]", "group": "[25,2]", "_id": {"$oid": "579bcab775d28e4971d3f5a4"}}, {"passport_label": "6.25-2.0.5-5-5.46", "gen_vectors": [[6, 7, 8, 9, 10, 11, 12, 13, 14, 15, 16, 17, 18, 19, 20, 21, 22, 23, 24, 25, 1, 2, 3, 4, 5], [9, 10, 6, 7, 8, 14, 15, 11, 12, 13, 19, 20, 16, 17, 18, 24, 25, 21, 22, 23, 4, 5, 1, 2, 3], [18, 19, 20, 16, 17, 23, 24, 25, 21, 22, 3, 4, 5, 1, 2, 8, 9, 10, 6, 7, 13, 14, 15, 11, 12]], "total_label": "6.25-2.0.5-5-5.46.1", "cc": [46, 1], "label": "6.25-2.0.5-5-5", "genus": 6, "signature": "[0,5,5,5]", "group": "[25,2]", "_id": {"$oid": "579bcab775d28e4971d3f5a5"}}, {"passport_label": "6.25-2.0.5-5-5.47", "gen_vectors": [[11, 12, 13, 14, 15, 16, 17, 18, 19, 20, 21, 22, 23, 24, 25, 1, 2, 3, 4, 5, 6, 7, 8, 9, 10], [7, 8, 9, 10, 6, 12, 13, 14, 15, 11, 17, 18, 19, 20, 16, 22, 23, 24, 25, 21, 2, 3, 4, 5, 1], [15, 11, 12, 13, 14, 20, 16, 17, 18, 19, 25, 21, 22, 23, 24, 5, 1, 2, 3, 4, 10, 6, 7, 8, 9]], "total_label": "6.25-2.0.5-5-5.47.1", "cc": [47, 1], "label": "6.25-2.0.5-5-5", "genus": 6, "signature": "[0,5,5,5]", "group": "[25,2]", "_id": {"$oid": "579bcab875d28e4971d3f5a6"}}, {"passport_label": "6.25-2.0.5-5-5.48", "gen_vectors": [[11, 12, 13, 14, 15, 16, 17, 18, 19, 20, 21, 22, 23, 24, 25, 1, 2, 3, 4, 5, 6, 7, 8, 9, 10], [13, 14, 15, 11, 12, 18, 19, 20, 16, 17, 23, 24, 25, 21, 22, 3, 4, 5, 1, 2, 8, 9, 10, 6, 7], [9, 10, 6, 7, 8, 14, 15, 11, 12, 13, 19, 20, 16, 17, 18, 24, 25, 21, 22, 23, 4, 5, 1, 2, 3]], "total_label": "6.25-2.0.5-5-5.48.1", "cc": [48, 1], "label": "6.25-2.0.5-5-5", "genus": 6, "signature": "[0,5,5,5]", "group": "[25,2]", "_id": {"$oid": "579bcab875d28e4971d3f5a7"}}, {"passport_label": "6.25-2.0.5-5-5.49", "gen_vectors": [[11, 12, 13, 14, 15, 16, 17, 18, 19, 20, 21, 22, 23, 24, 25, 1, 2, 3, 4, 5, 6, 7, 8, 9, 10], [25, 21, 22, 23, 24, 5, 1, 2, 3, 4, 10, 6, 7, 8, 9, 15, 11, 12, 13, 14, 20, 16, 17, 18, 19], [22, 23, 24, 25, 21, 2, 3, 4, 5, 1, 7, 8, 9, 10, 6, 12, 13, 14, 15, 11, 17, 18, 19, 20, 16]], "total_label": "6.25-2.0.5-5-5.49.1", "cc": [49, 1], "label": "6.25-2.0.5-5-5", "genus": 6, "signature": "[0,5,5,5]", "group": "[25,2]", "_id": {"$oid": "579bcab975d28e4971d3f5a8"}}, {"passport_label": "6.25-2.0.5-5-5