[{"passport_label": "6.6-2.0.3-3-3-6-6.1", "gen_vectors": [[2, 3, 1, 5, 6, 4], [2, 3, 1, 5, 6, 4], [2, 3, 1, 5, 6, 4], [5, 6, 4, 2, 3, 1], [6, 4, 5, 3, 1, 2]], "total_label": "6.6-2.0.3-3-3-6-6.1.1", "cc": [1, 1], "label": "6.6-2.0.3-3-3-6-6", "genus": 6, "signature": "[0,3,3,3,6,6]", "group": "[6,2]", "_id": {"$oid": "579bc93975d28e4971d3f2a6"}}, {"passport_label": "6.6-2.0.3-3-3-6-6.2", "gen_vectors": [[2, 3, 1, 5, 6, 4], [2, 3, 1, 5, 6, 4], [3, 1, 2, 6, 4, 5], [5, 6, 4, 2, 3, 1], [5, 6, 4, 2, 3, 1]], "total_label": "6.6-2.0.3-3-3-6-6.2.1", "cc": [2, 1], "label": "6.6-2.0.3-3-3-6-6", "genus": 6, "signature": "[0,3,3,3,6,6]", "group": "[6,2]", "_id": {"$oid": "579bc93975d28e4971d3f2a7"}}, {"passport_label": "6.6-2.0.3-3-3-6-6.3", "gen_vectors": [[2, 3, 1, 5, 6, 4], [3, 1, 2, 6, 4, 5], [3, 1, 2, 6, 4, 5], [6, 4, 5, 3, 1, 2], [6, 4, 5, 3, 1, 2]], "total_label": "6.6-2.0.3-3-3-6-6.3.1", "cc": [3, 1], "label": "6.6-2.0.3-3-3-6-6", "genus": 6, "signature": "[0,3,3,3,6,6]", "group": "[6,2]", "_id": {"$oid": "579bc93a75d28e4971d3f2a8"}}, {"passport_label": "6.6-2.0.3-3-3-6-6.4", "gen_vectors": [[3, 1, 2, 6, 4, 5], [3, 1, 2, 6, 4, 5], [3, 1, 2, 6, 4, 5], [5, 6, 4, 2, 3, 1], [6, 4, 5, 3, 1, 2]], "total_label": "6.6-2.0.3-3-3-6-6.4.1", "cc": [4, 1], "label": "6.6-2.0.3-3-3-6-6", "genus": 6, "signature": "[0,3,3,3,6,6]", "group": "[6,2]", "_id": {"$oid": "579bc93a75d28e4971d3f2a9"}}]
[{"passport_label": "6.12-4.0.2-2-2-3-3.1", "gen_vectors": [[4, 5, 6, 1, 2, 3, 10, 11, 12, 7, 8, 9], [7, 9, 8, 10, 12, 11, 1, 3, 2, 4, 6, 5], [10, 12, 11, 7, 9, 8, 4, 6, 5, 1, 3, 2], [2, 3, 1, 5, 6, 4, 8, 9, 7, 11, 12, 10], [3, 1, 2, 6, 4, 5, 9, 7, 8, 12, 10, 11]], "total_label": "6.12-4.0.2-2-2-3-3.1.1", "cc": [1, 1], "label": "6.12-4.0.2-2-2-3-3", "genus": 6, "signature": "[0,2,2,2,3,3]", "group": "[12,4]", "_id": {"$oid": "579bca1275d28e4971d3f45a"}}, {"passport_label": "6.12-4.0.2-2-2-3-3.1", "gen_vectors": [[4, 5, 6, 1, 2, 3, 10, 11, 12, 7, 8, 9], [7, 9, 8, 10, 12, 11, 1, 3, 2, 4, 6, 5], [12, 11, 10, 9, 8, 7, 6, 5, 4, 3, 2, 1], [3, 1, 2, 6, 4, 5, 9, 7, 8, 12, 10, 11], [3, 1, 2, 6, 4, 5, 9, 7, 8, 12, 10, 11]], "total_label": "6.12-4.0.2-2-2-3-3.1.2", "cc": [1, 2], "label": "6.12-4.0.2-2-2-3-3", "genus": 6, "signature": "[0,2,2,2,3,3]", "group": "[12,4]", "_id": {"$oid": "579bca1375d28e4971d3f45b"}}]
[{"passport_label": "6.20-4.0.2-2-2-2-2.1", "gen_vectors": [[6, 7, 8, 9, 10, 1, 2, 3, 4, 5, 16, 17, 18, 19, 20, 11, 12, 13, 14, 15], [11, 15, 14, 13, 12, 16, 20, 19, 18, 17, 1, 5, 4, 3, 2, 6, 10, 9, 8, 7], [11, 15, 14, 13, 12, 16, 20, 19, 18, 17, 1, 5, 4, 3, 2, 6, 10, 9, 8, 7], [13, 12, 11, 15, 14, 18, 17, 16, 20, 19, 3, 2, 1, 5, 4, 8, 7, 6, 10, 9], [18, 17, 16, 20, 19, 13, 12, 11, 15, 14, 8, 7, 6, 10, 9, 3, 2, 1, 5, 4]], "total_label": "6.20-4.0.2-2-2-2-2.1.1", "cc": [1, 1], "label": "6.20-4.0.2-2-2-2-2", "genus": 6, "signature": "[0,2,2,2,2,2]", "group": "[20,4]", "_id": {"$oid": "579bca1e75d28e4971d3f470"}}, {"passport_label": "6.20-4.0.2-2-2-2-2.1", "gen_vectors": [[6, 7, 8, 9, 10, 1, 2, 3, 4, 5, 16, 17, 18, 19, 20, 11, 12, 13, 14, 15], [11, 15, 14, 13, 12, 16, 20, 19, 18, 17, 1, 5, 4, 3, 2, 6, 10, 9, 8, 7], [11, 15, 14, 13, 12, 16, 20, 19, 18, 17, 1, 5, 4, 3, 2, 6, 10, 9, 8, 7], [15, 14, 13, 12, 11, 20, 19, 18, 17, 16, 5, 4, 3, 2, 1, 10, 9, 8, 7, 6], [20, 19, 18, 17, 16, 15, 14, 13, 12, 11, 10, 9, 8, 7, 6, 5, 4, 3, 2, 1]], "total_label": "6.20-4.0.2-2-2-2-2.1.2", "cc": [1, 2], "label": "6.20-4.0.2-2-2-2-2", "genus": 6, "signature": "[0,2,2,2,2,2]", "group": "[20,4]", "_id": {"$oid": "579bca1e75d28e4971d3f471"}}, {"passport_label": "6.20-4.0.2-2-2-2-2.1", "gen_vectors": [[6, 7, 8, 9, 10, 1, 2, 3, 4, 5, 16, 17, 18, 19, 20, 11, 12, 13, 14, 15], [11, 15, 14, 13, 12, 16, 20, 19, 18, 17, 1, 5, 4, 3, 2, 6, 10, 9, 8, 7], [13, 12, 11, 15, 14, 18, 17, 16, 20, 19, 3, 2, 1, 5, 4, 8, 7, 6, 10, 9], [11, 15, 14, 13, 12, 16, 20, 19, 18, 17, 1, 5, 4, 3, 2, 6, 10, 9, 8, 7], [19, 18, 17, 16, 20, 14, 13, 12, 11, 15, 9, 8, 7, 6, 10, 4, 3, 2, 1, 5]], "total_label": "6.20-4.0.2-2-2-2-2.1.3", "cc": [1, 3], "label": "6.20-4.0.2-2-2-2-2", "genus": 6, "signature": "[0,2,2,2,2,2]", "group": "[20,4]", "_id": {"$oid": "579bca1f75d28e4971d3f472"}}, {"passport_label": "6.20-4.0.2-2-2-2-2.1", "gen_vectors": [[6, 7, 8, 9, 10, 1, 2, 3, 4, 5, 16, 17, 18, 19, 20, 11, 12, 13, 14, 15], [11, 15, 14, 13, 12, 16, 20, 19, 18, 17, 1, 5, 4, 3, 2, 6, 10, 9, 8, 7], [13, 12, 11, 15, 14, 18, 17, 16, 20, 19, 3, 2, 1, 5, 4, 8, 7, 6, 10, 9], [13, 12, 11, 15, 14, 18, 17, 16, 20, 19, 3, 2, 1, 5, 4, 8, 7, 6, 10, 9], [16, 20, 19, 18, 17, 11, 15, 14, 13, 12, 6, 10, 9, 8, 7, 1, 5, 4, 3, 2]], "total_label": "6.20-4.0.2-2-2-2-2.1.4", "cc": [1, 4], "label": "6.20-4.0.2-2-2-2-2", "genus": 6, "signature": "[0,2,2,2,2,2]", "group": "[20,4]", "_id": {"$oid": "579bca1f75d28e4971d3f473"}}, {"passport_label": "6.20-4.0.2-2-2-2-2.1", "gen_vectors": [[6, 7, 8, 9, 10, 1, 2, 3, 4, 5, 16, 17, 18, 19, 20, 11, 12, 13, 14, 15], [11, 15, 14, 13, 12, 16, 20, 19, 18, 17, 1, 5, 4, 3, 2, 6, 10, 9, 8, 7], [13, 12, 11, 15, 14, 18, 17, 16, 20, 19, 3, 2, 1, 5, 4, 8, 7, 6, 10, 9], [15, 14, 13, 12, 11, 20, 19, 18, 17, 16, 5, 4, 3, 2, 1, 10, 9, 8, 7, 6], [18, 17, 16, 20, 19, 13, 12, 11, 15, 14, 8, 7, 6, 10, 9, 3, 2, 1, 5, 4]], "total_label": "6.20-4.0.2-2-2-2-2.1.5", "cc": [1, 5], "label": "6.20-4.0.2-2-2-2-2", "genus": 6, "signature": "[0,2,2,2,2,2]", "group": "[20,4]", "_id": {"$oid": "579bca2075d28e4971d3f474"}}, {"passport_label": "6.20-4.0.2-2-2-2-2.1", "gen_vectors": [[6, 7, 8, 9, 10, 1, 2, 3, 4, 5, 16, 17, 18, 19, 20, 11, 12, 13, 14, 15], [11, 15, 14, 13, 12, 16, 20, 19, 18, 17, 1, 5, 4, 3, 2, 6, 10, 9, 8, 7], [13, 12, 11, 15, 14, 18, 17, 16, 20, 19, 3, 2, 1, 5, 4, 8, 7, 6, 10, 9], [12, 11, 15, 14, 13, 17, 16, 20, 19, 18, 2, 1, 5, 4, 3, 7, 6, 10, 9, 8], [20, 19, 18, 17, 16, 15, 14, 13, 12, 11, 10, 9, 8, 7, 6, 5, 4, 3, 2, 1]], "total_label": "6.20-4.0.2-2-2-2-2.1.6", "cc": [1, 6], "label": "6.20-4.0.2-2-2-2-2", "genus": 6, "signature": "[0,2,2,2,2,2]", "group": "[20,4]", "_id": {"$oid": "579bca2075d28e4971d3f475"}}, {"passport_label": "6.20-4.0.2-2-2-2-2.1", "gen_vectors": [[6, 7, 8, 9, 10, 1, 2, 3, 4, 5, 16, 17, 18, 19, 20, 11, 12, 13, 14, 15], [11, 15, 14, 13, 12, 16, 20, 19, 18, 17, 1, 5, 4, 3, 2, 6, 10, 9, 8, 7], [13, 12, 11, 15, 14, 18, 17, 16, 20, 19, 3, 2, 1, 5, 4, 8, 7, 6, 10, 9], [14, 13, 12, 11, 15, 19, 18, 17, 16, 20, 4, 3, 2, 1, 5, 9, 8, 7, 6, 10], [17, 16, 20, 19, 18, 12, 11, 15, 14, 13, 7, 6, 10, 9, 8, 2, 1, 5, 4, 3]], "total_label": "6.20-4.0.2-2-2-2-2.1.7", "cc": [1, 7], "label": "6.20-4.0.2-2-2-2-2", "genus": 6, "signature": "[0,2,2,2,2,2]", "group": "[20,4]", "_id": {"$oid": "579bca2175d28e4971d3f476"}}, {"passport_label": "6.20-4.0.2-2-2-2-2.1", "gen_vectors": [[6, 7, 8, 9, 10, 1, 2, 3, 4, 5, 16, 17, 18, 19, 20, 11, 12, 13, 14, 15], [11, 15, 14, 13, 12, 16, 20, 19, 18, 17, 1, 5, 4, 3, 2, 6, 10, 9, 8, 7], [15, 14, 13, 12, 11, 20, 19, 18, 17, 16, 5, 4, 3, 2, 1, 10, 9, 8, 7, 6], [11, 15, 14, 13, 12, 16, 20, 19, 18, 17, 1, 5, 4, 3, 2, 6, 10, 9, 8, 7], [17, 16, 20, 19, 18, 12, 11, 15, 14, 13, 7, 6, 10, 9, 8, 2, 1, 5, 4, 3]], "total_label": "6.20-4.0.2-2-2-2-2.1.8", "cc": [1, 8], "label": "6.20-4.0.2-2-2-2-2", "genus": 6, "signature": "[0,2,2,2,2,2]", "group": "[20,4]", "_id": {"$oid": "579bca2175d28e4971d3f477"}}, {"passport_label": "6.20-4.0.2-2-2-2-2.1", "gen_vectors": [[6, 7, 8, 9, 10, 1, 2, 3, 4, 5, 16, 17, 18, 19, 20, 11, 12, 13, 14, 15], [11, 15, 14, 13, 12, 16, 20, 19, 18, 17, 1, 5, 4, 3, 2, 6, 10, 9, 8, 7], [15, 14, 13, 12, 11, 20, 19, 18, 17, 16, 5, 4, 3, 2, 1, 10, 9, 8, 7, 6], [13, 12, 11, 15, 14, 18, 17, 16, 20, 19, 3, 2, 1, 5, 4, 8, 7, 6, 10, 9], [19, 18, 17, 16, 20, 14, 13, 12, 11, 15, 9, 8, 7, 6, 10, 4, 3, 2, 1, 5]], "total_label": "6.20-4.0.2-2-2-2-2.1.9", "cc": [1, 9], "label": "6.20-4.0.2-2-2-2-2", "genus": 6, "signature": "[0,2,2,2,2,2]", "group": "[20,4]", "_id": {"$oid": "579bca2175d28e4971d3f478"}}, {"passport_label": "6.20-4.0.2-2-2-2-2.1", "gen_vectors": [[6, 7, 8, 9, 10, 1, 2, 3, 4, 5, 16, 17, 18, 19, 20, 11, 12, 13, 14, 15], [11, 15, 14, 13, 12, 16, 20, 19, 18, 17, 1, 5, 4, 3, 2, 6, 10, 9, 8, 7], [15, 14, 13, 12, 11, 20, 19, 18, 17, 16, 5, 4, 3, 2, 1, 10, 9, 8, 7, 6], [15, 14, 13, 12, 11, 20, 19, 18, 17, 16, 5, 4, 3, 2, 1, 10, 9, 8, 7, 6], [16, 20, 19, 18, 17, 11, 15, 14, 13, 12, 6, 10, 9, 8, 7, 1, 5, 4, 3, 2]], "total_label": "6.20-4.0.2-2-2-2-2.1.10", "cc": [1, 10], "label": "6.20-4.0.2-2-2-2-2", "genus": 6, "signature": "[0,2,2,2,2,2]", "group": "[20,4]", "_id": {"$oid": "579bca2275d28e4971d3f479"}}, {"passport_label": "6.20-4.0.2-2-2-2-2.1", "gen_vectors": [[6, 7, 8, 9, 10, 1, 2, 3, 4, 5, 16, 17, 18, 19, 20, 11, 12, 13, 14, 15], [11, 15, 14, 13, 12, 16, 20, 19, 18, 17, 1, 5, 4, 3, 2, 6, 10, 9, 8, 7], [15, 14, 13, 12, 11, 20, 19, 18, 17, 16, 5, 4, 3, 2, 1, 10, 9, 8, 7, 6], [12, 11, 15, 14, 13, 17, 16, 20, 19, 18, 2, 1, 5, 4, 3, 7, 6, 10, 9, 8], [18, 17, 16, 20, 19, 13, 12, 11, 15, 14, 8, 7, 6, 10, 9, 3, 2, 1, 5, 4]], "total_label": "6.20-4.0.2-2-2-2-2.1.11", "cc": [1, 11], "label": "6.20-4.0.2-2-2-2-2", "genus": 6, "signature": "[0,2,2,2,2,2]", "group": "[20,4]", "_id": {"$oid": "579bca2375d28e4971d3f47a"}}, {"passport_label": "6.20-4.0.2-2-2-2-2.1", "gen_vectors": [[6, 7, 8, 9, 10, 1, 2, 3, 4, 5, 16, 17, 18, 19, 20, 11, 12, 13, 14, 15], [11, 15, 14, 13, 12, 16, 20, 19, 18, 17, 1, 5, 4, 3, 2, 6, 10, 9, 8, 7], [15, 14, 13, 12, 11, 20, 19, 18, 17, 16, 5, 4, 3, 2, 1, 10, 9, 8, 7, 6], [14, 13, 12, 11, 15, 19, 18, 17, 16, 20, 4, 3, 2, 1, 5, 9, 8, 7, 6, 10], [20, 19, 18, 17, 16, 15, 14, 13, 12, 11, 10, 9, 8, 7, 6, 5, 4, 3, 2, 1]], "total_label": "6.20-4.0.2-2-2-2-2.1.12", "cc": [1, 12], "label": "6.20-4.0.2-2-2-2-2", "genus": 6, "signature": "[0,2,2,2,2,2]", "group": "[20,4]", "_id": {"$oid": "579bca2375d28e4971d3f47b"}}, {"passport_label": "6.20-4.0.2-2-2-2-2.2", "gen_vectors": [[6, 7, 8, 9, 10, 1, 2, 3, 4, 5, 16, 17, 18, 19, 20, 11, 12, 13, 14, 15], [11, 15, 14, 13, 12, 16, 20, 19, 18, 17, 1, 5, 4, 3, 2, 6, 10, 9, 8, 7], [16, 20, 19, 18, 17, 11, 15, 14, 13, 12, 6, 10, 9, 8, 7, 1, 5, 4, 3, 2], [18, 17, 16, 20, 19, 13, 12, 11, 15, 14, 8, 7, 6, 10, 9, 3, 2, 1, 5, 4], [18, 17, 16, 20, 19, 13, 12, 11, 15, 14, 8, 7, 6, 10, 9, 3, 2, 1, 5, 4]], "total_label": "6.20-4.0.2-2-2-2-2.2.1", "cc": [2, 1], "label": "6.20-4.0.2-2-2-2-2", "genus": 6, "signature": "[0,2,2,2,2,2]", "group": "[20,4]", "_id": {"$oid": "579bca2475d28e4971d3f47c"}}, {"passport_label": "6.20-4.0.2-2-2-2-2.2", "gen_vectors": [[6, 7, 8, 9, 10, 1, 2, 3, 4, 5, 16, 17, 18, 19, 20, 11, 12, 13, 14, 15], [11, 15, 14, 13, 12, 16, 20, 19, 18, 17, 1, 5, 4, 3, 2, 6, 10, 9, 8, 7], [16, 20, 19, 18, 17, 11, 15, 14, 13, 12, 6, 10, 9, 8, 7, 1, 5, 4, 3, 2], [20, 19, 18, 17, 16, 15, 14, 13, 12, 11, 10, 9, 8, 7, 6, 5, 4, 3, 2, 1], [20, 19, 18, 17, 16, 15, 14, 13, 12, 11, 10, 9, 8, 7, 6, 5, 4, 3, 2, 1]], "total_label": "6.20-4.0.2-2-2-2-2.2.2", "cc": [2, 2], "label": "6.20-4.0.2-2-2-2-2", "genus": 6, "signature": "[0,2,2,2,2,2]", "group": "[20,4]", "_id": {"$oid": "579bca2475d28e4971d3f47d"}}, {"passport_label": "6.20-4.0.2-2-2-2-2.2", "gen_vectors": [[6, 7, 8, 9, 10, 1, 2, 3, 4, 5, 16, 17, 18, 19, 20, 11, 12, 13, 14, 15], [11, 15, 14, 13, 12, 16, 20, 19, 18, 17, 1, 5, 4, 3, 2, 6, 10, 9, 8, 7], [18, 17, 16, 20, 19, 13, 12, 11, 15, 14, 8, 7, 6, 10, 9, 3, 2, 1, 5, 4], [16, 20, 19, 18, 17, 11, 15, 14, 13, 12, 6, 10, 9, 8, 7, 1, 5, 4, 3, 2], [19, 18, 17, 16, 20, 14, 13, 12, 11, 15, 9, 8, 7, 6, 10, 4, 3, 2, 1, 5]], "total_label": "6.20-4.0.2-2-2-2-2.2.3", "cc": [2, 3], "label": "6.20-4.0.2-2-2-2-2", "genus": 6, "signature": "[0,2,2,2,2,2]", "group": "[20,4]", "_id": {"$oid": "579bca2475d28e4971d3f47e"}}, {"passport_label": "6.20-4.0.2-2-2-2-2.2", "gen_vectors": [[6, 7, 8, 9, 10, 1, 2, 3, 4, 5, 16, 17, 18, 19, 20, 11, 12, 13, 14, 15], [11, 15, 14, 13, 12, 16, 20, 19, 18, 17, 1, 5, 4, 3, 2, 6, 10, 9, 8, 7], [18, 17, 16, 20, 19, 13, 12, 11, 15, 14, 8, 7, 6, 10, 9, 3, 2, 1, 5, 4], [18, 17, 16, 20, 19, 13, 12, 11, 15, 14, 8, 7, 6, 10, 9, 3, 2, 1, 5, 4], [16, 20, 19, 18, 17, 11, 15, 14, 13, 12, 6, 10, 9, 8, 7, 1, 5, 4, 3, 2]], "total_label": "6.20-4.0.2-2-2-2-2.2.4", "cc": [2, 4], "label": "6.20-4.0.2-2-2-2-2", "genus": 6, "signature": "[0,2,2,2,2,2]", "group": "[20,4]", "_id": {"$oid": "579bca2575d28e4971d3f47f"}}, {"passport_label": "6.20-4.0.2-2-2-2-2.2", "gen_vectors": [[6, 7, 8, 9, 10, 1, 2, 3, 4, 5, 16, 17, 18, 19, 20, 11, 12, 13, 14, 15], [11, 15, 14, 13, 12, 16, 20, 19, 18, 17, 1, 5, 4, 3, 2, 6, 10, 9, 8, 7], [18, 17, 16, 20, 19, 13, 12, 11, 15, 14, 8, 7, 6, 10, 9, 3, 2, 1, 5, 4], [20, 19, 18, 17, 16, 15, 14, 13, 12, 11, 10, 9, 8, 7, 6, 5, 4, 3, 2, 1], [18, 17, 16, 20, 19, 13, 12, 11, 15, 14, 8, 7, 6, 10, 9, 3, 2, 1, 5, 4]], "total_label": "6.20-4.0.2-2-2-2-2.2.5", "cc": [2, 5], "label": "6.20-4.0.2-2-2-2-2", "genus": 6, "signature": "[0,2,2,2,2,2]", "group": "[20,4]", "_id": {"$oid": "579bca2575d28e4971d3f480"}}, {"passport_label": "6.20-4.0.2-2-2-2-2.2", "gen_vectors": [[6, 7, 8, 9, 10, 1, 2, 3, 4, 5, 16, 17, 18, 19, 20, 11, 12, 13, 14, 15], [11, 15, 14, 13, 12, 16, 20, 19, 18, 17, 1, 5, 4, 3, 2, 6, 10, 9, 8, 7], [18, 17, 16, 20, 19, 13, 12, 11, 15, 14, 8, 7, 6, 10, 9, 3, 2, 1, 5, 4], [17, 16, 20, 19, 18, 12, 11, 15, 14, 13, 7, 6, 10, 9, 8, 2, 1, 5, 4, 3], [20, 19, 18, 17, 16, 15, 14, 13, 12, 11, 10, 9, 8, 7, 6, 5, 4, 3, 2, 1]], "total_label": "6.20-4.0.2-2-2-2-2.2.6", "cc": [2, 6], "label": "6.20-4.0.2-2-2-2-2", "genus": 6, "signature": "[0,2,2,2,2,2]", "group": "[20,4]", "_id": {"$oid": "579bca2675d28e4971d3f481"}}, {"passport_label": "6.20-4.0.2-2-2-2-2.2", "gen_vectors": [[6, 7, 8, 9, 10, 1, 2, 3, 4, 5, 16, 17, 18, 19, 20, 11, 12, 13, 14, 15], [11, 15, 14, 13, 12, 16, 20, 19, 18, 17, 1, 5, 4, 3, 2, 6, 10, 9, 8, 7], [18, 17, 16, 20, 19, 13, 12, 11, 15, 14, 8, 7, 6, 10, 9, 3, 2, 1, 5, 4], [19, 18, 17, 16, 20, 14, 13, 12, 11, 15, 9, 8, 7, 6, 10, 4, 3, 2, 1, 5], [17, 16, 20, 19, 18, 12, 11, 15, 14, 13, 7, 6, 10, 9, 8, 2, 1, 5, 4, 3]], "total_label": "6.20-4.0.2-2-2-2-2.2.7", "cc": [2, 7], "label": "6.20-4.0.2-2-2-2-2", "genus": 6, "signature": "[0,2,2,2,2,2]", "group": "[20,4]", "_id": {"$oid": "579bca2675d28e4971d3f482"}}, {"passport_label": "6.20-4.0.2-2-2-2-2.2", "gen_vectors": [[6, 7, 8, 9, 10, 1, 2, 3, 4, 5, 16, 17, 18, 19, 20, 11, 12, 13, 14, 15], [11, 15, 14, 13, 12, 16, 20, 19, 18, 17, 1, 5, 4, 3, 2, 6, 10, 9, 8, 7], [20, 19, 18, 17, 16, 15, 14, 13, 12, 11, 10, 9, 8, 7, 6, 5, 4, 3, 2, 1], [16, 20, 19, 18, 17, 11, 15, 14, 13, 12, 6, 10, 9, 8, 7, 1, 5, 4, 3, 2], [17, 16, 20, 19, 18, 12, 11, 15, 14, 13, 7, 6, 10, 9, 8, 2, 1, 5, 4, 3]], "total_label": "6.20-4.0.2-2-2-2-2.2.8", "cc": [2, 8], "label": "6.20-4.0.2-2-2-2-2", "genus": 6, "signature": "[0,2,2,2,2,2]", "group": "[20,4]", "_id": {"$oid": "579bca2775d28e4971d3f483"}}, {"passport_label": "6.20-4.0.2-2-2-2-2.2", "gen_vectors": [[6, 7, 8, 9, 10, 1, 2, 3, 4, 5, 16, 17, 18, 19, 20, 11, 12, 13, 14, 15], [11, 15, 14, 13, 12, 16, 20, 19, 18, 17, 1, 5, 4, 3, 2, 6, 10, 9, 8, 7], [20, 19, 18, 17, 16, 15, 14, 13, 12, 11, 10, 9, 8, 7, 6, 5, 4, 3, 2, 1], [18, 17, 16, 20, 19, 13, 12, 11, 15, 14, 8, 7, 6, 10, 9, 3, 2, 1, 5, 4], [19, 18, 17, 16, 20, 14, 13, 12, 11, 15, 9, 8, 7, 6, 10, 4, 3, 2, 1, 5]], "total_label": "6.20-4.0.2-2-2-2-2.2.9", "cc": [2, 9], "label": "6.20-4.0.2-2-2-2-2", "genus": 6, "signature": "[0,2,2,2,2,2]", "group": "[20,4]", "_id": {"$oid": "579bca2875d28e4971d3f484"}}, {"passport_label": "6.20-4.0.2-2-2-2-2.2", "gen_vectors": [[6, 7, 8, 9, 10, 1, 2, 3, 4, 5, 16, 17, 18, 19, 20, 11, 12, 13, 14, 15], [11, 15, 14, 13, 12, 16, 20, 19, 18, 17, 1, 5, 4, 3, 2, 6, 10, 9, 8, 7], [20, 19, 18, 17, 16, 15, 14, 13, 12, 11, 10, 9, 8, 7, 6, 5, 4, 3, 2, 1], [20, 19, 18, 17, 16, 15, 14, 13, 12, 11, 10, 9, 8, 7, 6, 5, 4, 3, 2, 1], [16, 20, 19, 18, 17, 11, 15, 14, 13, 12, 6, 10, 9, 8, 7, 1, 5, 4, 3, 2]], "total_label": "6.20-4.0.2-2-2-2-2.2.10", "cc": [2, 10], "label": "6.20-4.0.2-2-2-2-2", "genus": 6, "signature": "[0,2,2,2,2,2]", "group": "[20,4]", "_id": {"$oid": "579bca2875d28e4971d3f485"}}, {"passport_label": "6.20-4.0.2-2-2-2-2.2", "gen_vectors": [[6, 7, 8, 9, 10, 1, 2, 3, 4, 5, 16, 17, 18, 19, 20, 11, 12, 13, 14, 15], [11, 15, 14, 13, 12, 16, 20, 19, 18, 17, 1, 5, 4, 3, 2, 6, 10, 9, 8, 7], [20, 19, 18, 17, 16, 15, 14, 13, 12, 11, 10, 9, 8, 7, 6, 5, 4, 3, 2, 1], [17, 16, 20, 19, 18, 12, 11, 15, 14, 13, 7, 6, 10, 9, 8, 2, 1, 5, 4, 3], [18, 17, 16, 20, 19, 13, 12, 11, 15, 14, 8, 7, 6, 10, 9, 3, 2, 1, 5, 4]], "total_label": "6.20-4.0.2-2-2-2-2.2.11", "cc": [2, 11], "label": "6.20-4.0.2-2-2-2-2", "genus": 6, "signature": "[0,2,2,2,2,2]", "group": "[20,4]", "_id": {"$oid": "579bca2875d28e4971d3f486"}}, {"passport_label": "6.20-4.0.2-2-2-2-2.2", "gen_vectors": [[6, 7, 8, 9, 10, 1, 2, 3, 4, 5, 16, 17, 18, 19, 20, 11, 12, 13, 14, 15], [11, 15, 14, 13, 12, 16, 20, 19, 18, 17, 1, 5, 4, 3, 2, 6, 10, 9, 8, 7], [20, 19, 18, 17, 16, 15, 14, 13, 12, 11, 10, 9, 8, 7, 6, 5, 4, 3, 2, 1], [19, 18, 17, 16, 20, 14, 13, 12, 11, 15, 9, 8, 7, 6, 10, 4, 3, 2, 1, 5], [20, 19, 18, 17, 16, 15, 14, 13, 12, 11, 10, 9, 8, 7, 6, 5, 4, 3, 2, 1]], "total_label": "6.20-4.0.2-2-2-2-2.2.12", "cc": [2, 12], "label": "6.20-4.0.2-2-2-2-2", "genus": 6, "signature": "[0,2,2,2,2,2]", "group": "[20,4]", "_id": {"$oid": "579bca2975d28e4971d3f487"}}]
[{"passport_label": "6.48-29.0.2-6-8.1", "gen_vectors": [[25, 26, 29, 30, 27, 28, 32, 31, 41, 42, 45, 46, 43, 44, 48, 47, 33, 34, 37, 38, 35, 36, 40, 39, 1, 2, 5, 6, 3, 4, 8, 7, 17, 18, 21, 22, 19, 20, 24, 23, 9, 10, 13, 14, 11, 12, 16, 15], [15, 16, 10, 9, 14, 13, 11, 12, 23, 24, 18, 17, 22, 21, 19, 20, 7, 8, 2, 1, 6, 5, 3, 4, 39, 40, 34, 33, 38, 37, 35, 36, 47, 48, 42, 41, 46, 45, 43, 44, 31, 32, 26, 25, 30, 29, 27, 28], [38, 37, 40, 39, 36, 35, 33, 34, 30, 29, 32, 31, 28, 27, 25, 26, 46, 45, 48, 47, 44, 43, 41, 42, 14, 13, 16, 15, 12, 11, 9, 10, 6, 5, 8, 7, 4, 3, 1, 2, 22, 21, 24, 23, 20, 19, 17, 18]], "total_label": "6.48-29.0.2-6-8.1.1", "cc": [1, 1], "signature": "[0,2,6,8]", "label": "6.48-29.0.2-6-8", "genus": 6, "group": "[48,29]", "_id": {"$oid": "579bca7075d28e4971d3f517"}}, {"passport_label": "6.48-29.0.2-6-8.2", "gen_vectors": [[25, 26, 29, 30, 27, 28, 32, 31, 41, 42, 45, 46, 43, 44, 48, 47, 33, 34, 37, 38, 35, 36, 40, 39, 1, 2, 5, 6, 3, 4, 8, 7, 17, 18, 21, 22, 19, 20, 24, 23, 9, 10, 13, 14, 11, 12, 16, 15], [14, 13, 12, 11, 16, 15, 10, 9, 22, 21, 20, 19, 24, 23, 18, 17, 6, 5, 4, 3, 8, 7, 2, 1, 38, 37, 36, 35, 40, 39, 34, 33, 46, 45, 44, 43, 48, 47, 42, 41, 30, 29, 28, 27, 32, 31, 26, 25], [39, 40, 38, 37, 34, 33, 36, 35, 31, 32, 30, 29, 26, 25, 28, 27, 47, 48, 46, 45, 42, 41, 44, 43, 15, 16, 14, 13, 10, 9, 12, 11, 7, 8, 6, 5, 2, 1, 4, 3, 23, 24, 22, 21, 18, 17, 20, 19]], "total_label": "6.48-29.0.2-6-8.2.1", "cc": [2, 1], "signature": "[0,2,6,8]", "label": "6.48-29.0.2-6-8", "genus": 6, "group": "[48,29]", "_id": {"$oid": "579bca7175d28e4971d3f518"}}]
[{"passport_label": "6.72-15.0.2-4-9.1", "gen_vectors": [[37, 39, 38, 40, 45, 47, 46, 48, 41, 43, 42, 44, 65, 67, 66, 68, 61, 63, 62, 64, 69, 71, 70, 72, 53, 55, 54, 56, 49, 51, 50, 52, 57, 59, 58, 60, 1, 3, 2, 4, 9, 11, 10, 12, 5, 7, 6, 8, 29, 31, 30, 32, 25, 27, 26, 28, 33, 35, 34, 36, 17, 19, 18, 20, 13, 15, 14, 16, 21, 23, 22, 24], [68, 65, 66, 67, 64, 61, 62, 63, 72, 69, 70, 71, 56, 53, 54, 55, 52, 49, 50, 51, 60, 57, 58, 59, 44, 41, 42, 43, 40, 37, 38, 39, 48, 45, 46, 47, 32, 29, 30, 31, 28, 25, 26, 27, 36, 33, 34, 35, 20, 17, 18, 19, 16, 13, 14, 15, 24, 21, 22, 23, 8, 5, 6, 7, 4, 1, 2, 3, 12, 9, 10, 11], [15, 14, 16, 13, 19, 18, 20, 17, 23, 22, 24, 21, 27, 26, 28, 25, 31, 30, 32, 29, 35, 34, 36, 33, 11, 10, 12, 9, 3, 2, 4, 1, 7, 6, 8, 5, 51, 50, 52, 49, 55, 54, 56, 53, 59, 58, 60, 57, 63, 62, 64, 61, 67, 66, 68, 65, 71, 70, 72, 69, 47, 46, 48, 45, 39, 38, 40, 37, 43, 42, 44, 41]], "total_label": "6.72-15.0.2-4-9.1.1", "cc": [1, 1], "label": "6.72-15.0.2-4-9", "genus": 6, "signature": "[0,2,4,9]", "group": "[72,15]", "_id": {"$oid": "579bca7f75d28e4971d3f535"}}, {"passport_label": "6.72-15.0.2-4-9.2", "gen_vectors": [[37, 39, 38, 40, 45, 47, 46, 48, 41, 43, 42, 44, 65, 67, 66, 68, 61, 63, 62, 64, 69, 71, 70, 72, 53, 55, 54, 56, 49, 51, 50, 52, 57, 59, 58, 60, 1, 3, 2, 4, 9, 11, 10, 12, 5, 7, 6, 8, 29, 31, 30, 32, 25, 27, 26, 28, 33, 35, 34, 36, 17, 19, 18, 20, 13, 15, 14, 16, 21, 23, 22, 24], [64, 61, 62, 63, 72, 69, 70, 71, 68, 65, 66, 67, 52, 49, 50, 51, 60, 57, 58, 59, 56, 53, 54, 55, 40, 37, 38, 39, 48, 45, 46, 47, 44, 41, 42, 43, 28, 25, 26, 27, 36, 33, 34, 35, 32, 29, 30, 31, 16, 13, 14, 15, 24, 21, 22, 23, 20, 17, 18, 19, 4, 1, 2, 3, 12, 9, 10, 11, 8, 5, 6, 7], [19, 18, 20, 17, 23, 22, 24, 21, 15, 14, 16, 13, 31, 30, 32, 29, 35, 34, 36, 33, 27, 26, 28, 25, 3, 2, 4, 1, 7, 6, 8, 5, 11, 10, 12, 9, 55, 54, 56, 53, 59, 58, 60, 57, 51, 50, 52, 49, 67, 66, 68, 65, 71, 70, 72, 69, 63, 62, 64, 61, 39, 38, 40, 37, 43, 42, 44, 41, 47, 46, 48, 45]], "total_label": "6.72-15.0.2-4-9.2.1", "cc": [2, 1], "label": "6.72-15.0.2-4-9", "genus": 6, "signature": "[0,2,4,9]", "group": "[72,15]", "_id": {"$oid": "579bca7f75d28e4971d3f536"}}, {"passport_label": "6.72-15.0.2-4-9.3", "gen_vectors": [[37, 39, 38, 40, 45, 47, 46, 48, 41, 43, 42, 44, 65, 67, 66, 68, 61, 63, 62, 64, 69, 71, 70, 72, 53, 55, 54, 56, 49, 51, 50, 52, 57, 59, 58, 60, 1, 3, 2, 4, 9, 11, 10, 12, 5, 7, 6, 8, 29, 31, 30, 32, 25, 27, 26, 28, 33, 35, 34, 36, 17, 19, 18, 20, 13, 15, 14, 16, 21, 23, 22, 24], [72, 69, 70, 71, 68, 65, 66, 67, 64, 61, 62, 63, 60, 57, 58, 59, 56, 53, 54, 55, 52, 49, 50, 51, 48, 45, 46, 47, 44, 41, 42, 43, 40, 37, 38, 39, 36, 33, 34, 35, 32, 29, 30, 31, 28, 25, 26, 27, 24, 21, 22, 23, 20, 17, 18, 19, 16, 13, 14, 15, 12, 9, 10, 11, 8, 5, 6, 7, 4, 1, 2, 3], [23, 22, 24, 21, 15, 14, 16, 13, 19, 18, 20, 17, 35, 34, 36, 33, 27, 26, 28, 25, 31, 30, 32, 29, 7, 6, 8, 5, 11, 10, 12, 9, 3, 2, 4, 1, 59, 58, 60, 57, 51, 50, 52, 49, 55, 54, 56, 53, 71, 70, 72, 69, 63, 62, 64, 61, 67, 66, 68, 65, 43, 42, 44, 41, 47, 46, 48, 45, 39, 38, 40, 37]], "total_label": "6.72-15.0.2-4-9.3.1", "cc": [3, 1], "label": "6.72-15.0.2-4-9", "genus": 6, "signature": "[0,2,4,9]", "group": "[72,15]", "_id": {"$oid": "579bca7f75d28e4971d3f537"}}]
[{"passport_label": "6.7-1.0.7-7-7-7.5", "gen_vectors": [[2, 3, 4, 5, 6, 7, 1], [3, 4, 5, 6, 7, 1, 2], [6, 7, 1, 2, 3, 4, 5], [7, 1, 2, 3, 4, 5, 6]], "total_label": "6.7-1.0.7-7-7-7.5.1", "cc": [5, 1], "label": "6.7-1.0.7-7-7-7", "genus": 6, "signature": "[0,7,7,7,7]", "group": "[7,1]", "_id": {"$oid": "579bca8375d28e4971d3f53d"}}, {"passport_label": "6.7-1.0.7-7-7-7.6", "gen_vectors": [[2, 3, 4, 5, 6, 7, 1], [4, 5, 6, 7, 1, 2, 3], [5, 6, 7, 1, 2, 3, 4], [7, 1, 2, 3, 4, 5, 6]], "total_label": "6.7-1.0.7-7-7-7.6.1", "cc": [6, 1], "label": "6.7-1.0.7-7-7-7", "genus": 6, "signature": "[0,7,7,7,7]", "group": "[7,1]", "_id": {"$oid": "579bca8375d28e4971d3f53e"}}, {"passport_label": "6.7-1.0.7-7-7-7.12", "gen_vectors": [[3, 4, 5, 6, 7, 1, 2], [4, 5, 6, 7, 1, 2, 3], [5, 6, 7, 1, 2, 3, 4], [6, 7, 1, 2, 3, 4, 5]], "total_label": "6.7-1.0.7-7-7-7.12.1", "cc": [12, 1], "label": "6.7-1.0.7-7-7-7", "genus": 6, "signature": "[0,7,7,7,7]", "group": "[7,1]", "_id": {"$oid": "579bca8475d28e4971d3f53f"}}, {"passport_label": "6.7-1.0.7-7-7-7.1", "gen_vectors": [[2, 3, 4, 5, 6, 7, 1], [2, 3, 4, 5, 6, 7, 1], [2, 3, 4, 5, 6, 7, 1], [5, 6, 7, 1, 2, 3, 4]], "total_label": "6.7-1.0.7-7-7-7.1.1", "cc": [1, 1], "label": "6.7-1.0.7-7-7-7", "genus": 6, "signature": "[0,7,7,7,7]", "group": "[7,1]", "_id": {"$oid": "579bcada75d28e4971d3f5e8"}}, {"passport_label": "6.7-1.0.7-7-7-7.2", "gen_vectors": [[2, 3, 4, 5, 6, 7, 1], [2, 3, 4, 5, 6, 7, 1], [3, 4, 5, 6, 7, 1, 2], [4, 5, 6, 7, 1, 2, 3]], "total_label": "6.7-1.0.7-7-7-7.2.1", "cc": [2, 1], "label": "6.7-1.0.7-7-7-7", "genus": 6, "signature": "[0,7,7,7,7]", "group": "[7,1]", "_id": {"$oid": "579bcada75d28e4971d3f5e9"}}, {"passport_label": "6.7-1.0.7-7-7-7.4", "gen_vectors": [[2, 3, 4, 5, 6, 7, 1], [3, 4, 5, 6, 7, 1, 2], [3, 4, 5, 6, 7, 1, 2], [3, 4, 5, 6, 7, 1, 2]], "total_label": "6.7-1.0.7-7-7-7.4.1", "cc": [4, 1], "label": "6.7-1.0.7-7-7-7", "genus": 6, "signature": "[0,7,7,7,7]", "group": "[7,1]", "_id": {"$oid": "579bcadb75d28e4971d3f5ea"}}, {"passport_label": "6.7-1.0.7-7-7-7.7", "gen_vectors": [[2, 3, 4, 5, 6, 7, 1], [4, 5, 6, 7, 1, 2, 3], [6, 7, 1, 2, 3, 4, 5], [6, 7, 1, 2, 3, 4, 5]], "total_label": "6.7-1.0.7-7-7-7.7.1", "cc": [7, 1], "label": "6.7-1.0.7-7-7-7", "genus": 6, "signature": "[0,7,7,7,7]", "group": "[7,1]", "_id": {"$oid": "579bcadc75d28e4971d3f5eb"}}, {"passport_label": "6.7-1.0.7-7-7-7.8", "gen_vectors": [[2, 3, 4, 5, 6, 7, 1], [5, 6, 7, 1, 2, 3, 4], [5, 6, 7, 1, 2, 3, 4], [6, 7, 1, 2, 3, 4, 5]], "total_label": "6.7-1.0.7-7-7-7.8.1", "cc": [8, 1], "label": "6.7-1.0.7-7-7-7", "genus": 6, "signature": "[0,7,7,7,7]", "group": "[7,1]", "_id": {"$oid": "579bcadc75d28e4971d3f5ec"}}, {"passport_label": "6.7-1.0.7-7-7-7.9", "gen_vectors": [[3, 4, 5, 6, 7, 1, 2], [3, 4, 5, 6, 7, 1, 2], [5, 6, 7, 1, 2, 3, 4], [7, 1, 2, 3, 4, 5, 6]], "total_label": "6.7-1.0.7-7-7-7.9.1", "cc": [9, 1], "label": "6.7-1.0.7-7-7-7", "genus": 6, "signature": "[0,7,7,7,7]", "group": "[7,1]", "_id": {"$oid": "579bcadd75d28e4971d3f5ed"}}, {"passport_label": "6.7-1.0.7-7-7-7.11", "gen_vectors": [[3, 4, 5, 6, 7, 1, 2], [4, 5, 6, 7, 1, 2, 3], [4, 5, 6, 7, 1, 2, 3], [7, 1, 2, 3, 4, 5, 6]], "total_label": "6.7-1.0.7-7-7-7.11.1", "cc": [11, 1], "label": "6.7-1.0.7-7-7-7", "genus": 6, "signature": "[0,7,7,7,7]", "group": "[7,1]", "_id": {"$oid": "579bcadd75d28e4971d3f5ee"}}, {"passport_label": "6.7-1.0.7-7-7-7.13", "gen_vectors": [[3, 4, 5, 6, 7, 1, 2], [5, 6, 7, 1, 2, 3, 4], [5, 6, 7, 1, 2, 3, 4], [5, 6, 7, 1, 2, 3, 4]], "total_label": "6.7-1.0.7-7-7-7.13.1", "cc": [13, 1], "label": "6.7-1.0.7-7-7-7", "genus": 6, "signature": "[0,7,7,7,7]", "group": "[7,1]", "_id": {"$oid": "579bcade75d28e4971d3f5ef"}}, {"passport_label": "6.7-1.0.7-7-7-7.14", "gen_vectors": [[4, 5, 6, 7, 1, 2, 3], [4, 5, 6, 7, 1, 2, 3], [4, 5, 6, 7, 1, 2, 3], [6, 7, 1, 2, 3, 4, 5]], "total_label": "6.7-1.0.7-7-7-7.14.1", "cc": [14, 1], "label": "6.7-1.0.7-7-7-7", "genus": 6, "signature": "[0,7,7,7,7]", "group": "[7,1]", "_id": {"$oid": "579bcade75d28e4971d3f5f0"}}, {"passport_label": "6.7-1.0.7-7-7-7.16", "gen_vectors": [[4, 5, 6, 7, 1, 2, 3], [7, 1, 2, 3, 4, 5, 6], [7, 1, 2, 3, 4, 5, 6], [7, 1, 2, 3, 4, 5, 6]], "total_label": "6.7-1.0.7-7-7-7.16.1", "cc": [16, 1], "label": "6.7-1.0.7-7-7-7", "genus": 6, "signature": "[0,7,7,7,7]", "group": "[7,1]", "_id": {"$oid": "579bcadf75d28e4971d3f5f1"}}, {"passport_label": "6.7-1.0.7-7-7-7.17", "gen_vectors": [[5, 6, 7, 1, 2, 3, 4], [6, 7, 1, 2, 3, 4, 5], [7, 1, 2, 3, 4, 5, 6], [7, 1, 2, 3, 4, 5, 6]], "total_label": "6.7-1.0.7-7-7-7.17.1", "cc": [17, 1], "label": "6.7-1.0.7-7-7-7", "genus": 6, "signature": "[0,7,7,7,7]", "group": "[7,1]", "_id": {"$oid": "579bcadf75d28e4971d3f5f2"}}, {"passport_label": "6.7-1.0.7-7-7-7.18", "gen_vectors": [[6, 7, 1, 2, 3, 4, 5], [6, 7, 1, 2, 3, 4, 5], [6, 7, 1, 2, 3, 4, 5], [7, 1, 2, 3, 4, 5, 6]], "total_label": "6.7-1.0.7-7-7-7.18.1", "cc": [18, 1], "label": "6.7-1.0.7-7-7-7", "genus": 6, "signature": "[0,7,7,7,7]", "group": "[7,1]", "_id": {"$oid": "579bcae075d28e4971d3f5f3"}}, {"passport_label": "6.7-1.0.7-7-7-7.3", "gen_vectors": [[2, 3, 4, 5, 6, 7, 1], [2, 3, 4, 5, 6, 7, 1], [7, 1, 2, 3, 4, 5, 6], [7, 1, 2, 3, 4, 5, 6]], "total_label": "6.7-1.0.7-7-7-7.3.1", "cc": [3, 1], "label": "6.7-1.0.7-7-7-7", "genus": 6, "signature": "[0,7,7,7,7]", "group": "[7,1]", "_id": {"$oid": "579bcae075d28e4971d3f5f4"}}, {"passport_label": "6.7-1.0.7-7-7-7.10", "gen_vectors": [[3, 4, 5, 6, 7, 1, 2], [3, 4, 5, 6, 7, 1, 2], [6, 7, 1, 2, 3, 4, 5], [6, 7, 1, 2, 3, 4, 5]], "total_label": "6.7-1.0.7-7-7-7.10.1", "cc": [10, 1], "label": "6.7-1.0.7-7-7-7", "genus": 6, "signature": "[0,7,7,7,7]", "group": "[7,1]", "_id": {"$oid": "579bcae175d28e4971d3f5f5"}}, {"passport_label": "6.7-1.0.7-7-7-7.15", "gen_vectors": [[4, 5, 6, 7, 1, 2, 3], [4, 5, 6, 7, 1, 2, 3], [5, 6, 7, 1, 2, 3, 4], [5, 6, 7, 1, 2, 3, 4]], "total_label": "6.7-1.0.7-7-7-7.15.1", "cc": [15, 1], "label": "6.7-1.0.7-7-7-7", "genus": 6, "signature": "[0,7,7,7,7]", "group": "[7,1]", "_id": {"$oid": "579bcae175d28e4971d3f5f6"}}]
[{"passport_label": "7.3-1.0.3-3-3-3-3-3-3-3-3.1", "gen_vectors": [[2, 3, 1], [2, 3, 1], [2, 3, 1], [2, 3, 1], [2, 3, 1], [2, 3, 1], [2, 3, 1], [2, 3, 1], [2, 3, 1]], "total_label": "7.3-1.0.3-3-3-3-3-3-3-3-3.1.1", "cc": [1, 1], "label": "7.3-1.0.3-3-3-3-3-3-3-3-3", "genus": 7, "signature": "[0,3,3,3,3,3,3,3,3,3]", "group": "[3,1]", "_id": {"$oid": "579bccb675d28e4971d3f60c"}}, {"passport_label": "7.3-1.0.3-3-3-3-3-3-3-3-3.2", "gen_vectors": [[2, 3, 1], [2, 3, 1], [2, 3, 1], [2, 3, 1], [2, 3, 1], [2, 3, 1], [3, 1, 2], [3, 1, 2], [3, 1, 2]], "total_label": "7.3-1.0.3-3-3-3-3-3-3-3-3.2.1", "cc": [2, 1], "label": "7.3-1.0.3-3-3-3-3-3-3-3-3", "genus": 7, "signature": "[0,3,3,3,3,3,3,3,3,3]", "group": "[3,1]", "_id": {"$oid": "579bccb775d28e4971d3f60d"}}, {"passport_label": "7.3-1.0.3-3-3-3-3-3-3-3-3.3", "gen_vectors": [[2, 3, 1], [2, 3, 1], [2, 3, 1], [3, 1, 2], [3, 1, 2], [3, 1, 2], [3, 1, 2], [3, 1, 2], [3, 1, 2]], "total_label": "7.3-1.0.3-3-3-3-3-3-3-3-3.3.1", "cc": [3, 1], "label": "7.3-1.0.3-3-3-3-3-3-3-3-3", "genus": 7, "signature": "[0,3,3,3,3,3,3,3,3,3]", "group": "[3,1]", "_id": {"$oid": "579bccb775d28e4971d3f60e"}}, {"passport_label": "7.3-1.0.3-3-3-3-3-3-3-3-3.4", "gen_vectors": [[3, 1, 2], [3, 1, 2], [3, 1, 2], [3, 1, 2], [3, 1, 2], [3, 1, 2], [3, 1, 2], [3, 1, 2], [3, 1, 2]], "total_label": "7.3-1.0.3-3-3-3-3-3-3-3-3.4.1", "cc": [4, 1], "label": "7.3-1.0.3-3-3-3-3-3-3-3-3", "genus": 7, "signature": "[0,3,3,3,3,3,3,3,3,3]", "group": "[3,1]", "_id": {"$oid": "579bccb875d28e4971d3f60f"}}]
[{"passport_label": "7.6-2.0.2-2-3-3-6-6.1", "gen_vectors": [[4, 5, 6, 1, 2, 3], [4, 5, 6, 1, 2, 3], [2, 3, 1, 5, 6, 4], [2, 3, 1, 5, 6, 4], [6, 4, 5, 3, 1, 2], [6, 4, 5, 3, 1, 2]], "total_label": "7.6-2.0.2-2-3-3-6-6.1.1", "cc": [1, 1], "label": "7.6-2.0.2-2-3-3-6-6", "genus": 7, "signature": "[0,2,2,3,3,6,6]", "group": "[6,2]", "_id": {"$oid": "579bccca75d28e4971d3f633"}}, {"passport_label": "7.6-2.0.2-2-3-3-6-6.2", "gen_vectors": [[4, 5, 6, 1, 2, 3], [4, 5, 6, 1, 2, 3], [2, 3, 1, 5, 6, 4], [3, 1, 2, 6, 4, 5], [5, 6, 4, 2, 3, 1], [6, 4, 5, 3, 1, 2]], "total_label": "7.6-2.0.2-2-3-3-6-6.2.1", "cc": [2, 1], "label": "7.6-2.0.2-2-3-3-6-6", "genus": 7, "signature": "[0,2,2,3,3,6,6]", "group": "[6,2]", "_id": {"$oid": "579bcccb75d28e4971d3f634"}}, {"passport_label": "7.6-2.0.2-2-3-3-6-6.3", "gen_vectors": [[4, 5, 6, 1, 2, 3], [4, 5, 6, 1, 2, 3], [3, 1, 2, 6, 4, 5], [3, 1, 2, 6, 4, 5], [5, 6, 4, 2, 3, 1], [5, 6, 4, 2, 3, 1]], "total_label": "7.6-2.0.2-2-3-3-6-6.3.1", "cc": [3, 1], "label": "7.6-2.0.2-2-3-3-6-6", "genus": 7, "signature": "[0,2,2,3,3,6,6]", "group": "[6,2]", "_id": {"$oid": "579bcccb75d28e4971d3f635"}}]
[{"passport_label": "7.6-2.0.2-2-2-2-2-3-6.1", "gen_vectors": [[4, 5, 6, 1, 2, 3], [4, 5, 6, 1, 2, 3], [4, 5, 6, 1, 2, 3], [4, 5, 6, 1, 2, 3], [4, 5, 6, 1, 2, 3], [2, 3, 1, 5, 6, 4], [6, 4, 5, 3, 1, 2]], "total_label": "7.6-2.0.2-2-2-2-2-3-6.1.1", "cc": [1, 1], "signature": "[0,2,2,2,2,2,3,6]", "label": "7.6-2.0.2-2-2-2-2-3-6", "genus": 7, "group": "[6,2]", "_id": {"$oid": "579bccdf75d28e4971d3f65e"}}, {"passport_label": "7.6-2.0.2-2-2-2-2-3-6.2", "gen_vectors": [[4, 5, 6, 1, 2, 3], [4, 5, 6, 1, 2, 3], [4, 5, 6, 1, 2, 3], [4, 5, 6, 1, 2, 3], [4, 5, 6, 1, 2, 3], [3, 1, 2, 6, 4, 5], [5, 6, 4, 2, 3, 1]], "total_label": "7.6-2.0.2-2-2-2-2-3-6.2.1", "cc": [2, 1], "signature": "[0,2,2,2,2,2,3,6]", "label": "7.6-2.0.2-2-2-2-2-3-6", "genus": 7, "group": "[6,2]", "_id": {"$oid": "579bcce075d28e4971d3f65f"}}]
