[{"passport_label": "2.12-4.0.2-2-2-3.1", "gen_vectors": [[4, 5, 6, 1, 2, 3, 10, 11, 12, 7, 8, 9], [7, 9, 8, 10, 12, 11, 1, 3, 2, 4, 6, 5], [12, 11, 10, 9, 8, 7, 6, 5, 4, 3, 2, 1], [2, 3, 1, 5, 6, 4, 8, 9, 7, 11, 12, 10]], "total_label": "2.12-4.0.2-2-2-3.1.1", "cc": [1, 1], "signature": "[0,2,2,2,3]", "label": "2.12-4.0.2-2-2-3", "genus": 2, "group": "[12,4]", "_id": {"$oid": "579ba55175d28e4971d3ed71"}}]
[{"passport_label": "2.12-5.0.2-6-6.1", "gen_vectors": [[4, 5, 6, 1, 2, 3, 10, 11, 12, 7, 8, 9], [8, 9, 7, 11, 12, 10, 2, 3, 1, 5, 6, 4], [12, 10, 11, 9, 7, 8, 6, 4, 5, 3, 1, 2]], "total_label": "2.12-5.0.2-6-6.1.1", "cc": [1, 1], "label": "2.12-5.0.2-6-6", "genus": 2, "signature": "[0,2,6,6]", "group": "[12,5]", "_id": {"$oid": "579ba55a75d28e4971d3ed84"}}, {"passport_label": "2.12-5.0.2-6-6.2", "gen_vectors": [[4, 5, 6, 1, 2, 3, 10, 11, 12, 7, 8, 9], [9, 7, 8, 12, 10, 11, 3, 1, 2, 6, 4, 5], [11, 12, 10, 8, 9, 7, 5, 6, 4, 2, 3, 1]], "total_label": "2.12-5.0.2-6-6.2.1", "cc": [2, 1], "label": "2.12-5.0.2-6-6", "genus": 2, "signature": "[0,2,6,6]", "group": "[12,5]", "_id": {"$oid": "579ba55a75d28e4971d3ed85"}}, {"passport_label": "2.12-5.0.2-6-6.3", "gen_vectors": [[7, 8, 9, 10, 11, 12, 1, 2, 3, 4, 5, 6], [5, 6, 4, 2, 3, 1, 11, 12, 10, 8, 9, 7], [12, 10, 11, 9, 7, 8, 6, 4, 5, 3, 1, 2]], "total_label": "2.12-5.0.2-6-6.3.1", "cc": [3, 1], "label": "2.12-5.0.2-6-6", "genus": 2, "signature": "[0,2,6,6]", "group": "[12,5]", "_id": {"$oid": "579ba55b75d28e4971d3ed86"}}, {"passport_label": "2.12-5.0.2-6-6.4", "gen_vectors": [[7, 8, 9, 10, 11, 12, 1, 2, 3, 4, 5, 6], [6, 4, 5, 3, 1, 2, 12, 10, 11, 9, 7, 8], [11, 12, 10, 8, 9, 7, 5, 6, 4, 2, 3, 1]], "total_label": "2.12-5.0.2-6-6.4.1", "cc": [4, 1], "label": "2.12-5.0.2-6-6", "genus": 2, "signature": "[0,2,6,6]", "group": "[12,5]", "_id": {"$oid": "579ba55b75d28e4971d3ed87"}}, {"passport_label": "2.12-5.0.2-6-6.5", "gen_vectors": [[10, 11, 12, 7, 8, 9, 4, 5, 6, 1, 2, 3], [5, 6, 4, 2, 3, 1, 11, 12, 10, 8, 9, 7], [9, 7, 8, 12, 10, 11, 3, 1, 2, 6, 4, 5]], "total_label": "2.12-5.0.2-6-6.5.1", "cc": [5, 1], "label": "2.12-5.0.2-6-6", "genus": 2, "signature": "[0,2,6,6]", "group": "[12,5]", "_id": {"$oid": "579ba55c75d28e4971d3ed88"}}, {"passport_label": "2.12-5.0.2-6-6.6", "gen_vectors": [[10, 11, 12, 7, 8, 9, 4, 5, 6, 1, 2, 3], [6, 4, 5, 3, 1, 2, 12, 10, 11, 9, 7, 8], [8, 9, 7, 11, 12, 10, 2, 3, 1, 5, 6, 4]], "total_label": "2.12-5.0.2-6-6.6.1", "cc": [6, 1], "label": "2.12-5.0.2-6-6", "genus": 2, "signature": "[0,2,6,6]", "group": "[12,5]", "_id": {"$oid": "579ba55c75d28e4971d3ed89"}}]
[{"passport_label": "3.32-9.0.2-4-8.1", "gen_vectors": [[9, 10, 11, 12, 14, 13, 16, 15, 1, 2, 3, 4, 6, 5, 8, 7, 25, 26, 27, 28, 30, 29, 32, 31, 17, 18, 19, 20, 22, 21, 24, 23], [18, 17, 20, 19, 21, 22, 23, 24, 30, 29, 32, 31, 26, 25, 28, 27, 4, 3, 2, 1, 7, 8, 5, 6, 16, 15, 14, 13, 12, 11, 10, 9], [28, 27, 26, 25, 32, 31, 30, 29, 23, 24, 21, 22, 20, 19, 18, 17, 10, 9, 12, 11, 14, 13, 16, 15, 5, 6, 7, 8, 2, 1, 4, 3]], "total_label": "3.32-9.0.2-4-8.1.1", "cc": [1, 1], "signature": "[0,2,4,8]", "label": "3.32-9.0.2-4-8", "genus": 3, "group": "[32,9]", "_id": {"$oid": "579ba5ab75d28e4971d3ede6"}}, {"passport_label": "3.32-9.0.2-4-8.2", "gen_vectors": [[9, 10, 11, 12, 14, 13, 16, 15, 1, 2, 3, 4, 6, 5, 8, 7, 25, 26, 27, 28, 30, 29, 32, 31, 17, 18, 19, 20, 22, 21, 24, 23], [17, 18, 19, 20, 22, 21, 24, 23, 29, 30, 31, 32, 25, 26, 27, 28, 3, 4, 1, 2, 8, 7, 6, 5, 15, 16, 13, 14, 11, 12, 9, 10], [27, 28, 25, 26, 31, 32, 29, 30, 24, 23, 22, 21, 19, 20, 17, 18, 9, 10, 11, 12, 13, 14, 15, 16, 6, 5, 8, 7, 1, 2, 3, 4]], "total_label": "3.32-9.0.2-4-8.2.1", "cc": [2, 1], "signature": "[0,2,4,8]", "label": "3.32-9.0.2-4-8", "genus": 3, "group": "[32,9]", "_id": {"$oid": "579ba5ab75d28e4971d3ede7"}}, {"passport_label": "3.32-9.0.2-4-8.3", "gen_vectors": [[9, 10, 11, 12, 14, 13, 16, 15, 1, 2, 3, 4, 6, 5, 8, 7, 25, 26, 27, 28, 30, 29, 32, 31, 17, 18, 19, 20, 22, 21, 24, 23], [19, 20, 17, 18, 24, 23, 22, 21, 31, 32, 29, 30, 27, 28, 25, 26, 1, 2, 3, 4, 6, 5, 8, 7, 13, 14, 15, 16, 9, 10, 11, 12], [25, 26, 27, 28, 29, 30, 31, 32, 22, 21, 24, 23, 17, 18, 19, 20, 11, 12, 9, 10, 15, 16, 13, 14, 8, 7, 6, 5, 3, 4, 1, 2]], "total_label": "3.32-9.0.2-4-8.3.1", "cc": [3, 1], "signature": "[0,2,4,8]", "label": "3.32-9.0.2-4-8", "genus": 3, "group": "[32,9]", "_id": {"$oid": "579ba5ac75d28e4971d3ede8"}}, {"passport_label": "3.32-9.0.2-4-8.4", "gen_vectors": [[9, 10, 11, 12, 14, 13, 16, 15, 1, 2, 3, 4, 6, 5, 8, 7, 25, 26, 27, 28, 30, 29, 32, 31, 17, 18, 19, 20, 22, 21, 24, 23], [20, 19, 18, 17, 23, 24, 21, 22, 32, 31, 30, 29, 28, 27, 26, 25, 2, 1, 4, 3, 5, 6, 7, 8, 14, 13, 16, 15, 10, 9, 12, 11], [26, 25, 28, 27, 30, 29, 32, 31, 21, 22, 23, 24, 18, 17, 20, 19, 12, 11, 10, 9, 16, 15, 14, 13, 7, 8, 5, 6, 4, 3, 2, 1]], "total_label": "3.32-9.0.2-4-8.4.1", "cc": [4, 1], "signature": "[0,2,4,8]", "label": "3.32-9.0.2-4-8", "genus": 3, "group": "[32,9]", "_id": {"$oid": "579ba5ac75d28e4971d3ede9"}}, {"passport_label": "3.32-9.0.2-4-8.5", "gen_vectors": [[11, 12, 9, 10, 16, 15, 14, 13, 3, 4, 1, 2, 8, 7, 6, 5, 27, 28, 25, 26, 32, 31, 30, 29, 19, 20, 17, 18, 24, 23, 22, 21], [17, 18, 19, 20, 22, 21, 24, 23, 29, 30, 31, 32, 25, 26, 27, 28, 3, 4, 1, 2, 8, 7, 6, 5, 15, 16, 13, 14, 11, 12, 9, 10], [25, 26, 27, 28, 29, 30, 31, 32, 22, 21, 24, 23, 17, 18, 19, 20, 11, 12, 9, 10, 15, 16, 13, 14, 8, 7, 6, 5, 3, 4, 1, 2]], "total_label": "3.32-9.0.2-4-8.5.1", "cc": [5, 1], "signature": "[0,2,4,8]", "label": "3.32-9.0.2-4-8", "genus": 3, "group": "[32,9]", "_id": {"$oid": "579ba5ad75d28e4971d3edea"}}, {"passport_label": "3.32-9.0.2-4-8.6", "gen_vectors": [[11, 12, 9, 10, 16, 15, 14, 13, 3, 4, 1, 2, 8, 7, 6, 5, 27, 28, 25, 26, 32, 31, 30, 29, 19, 20, 17, 18, 24, 23, 22, 21], [18, 17, 20, 19, 21, 22, 23, 24, 30, 29, 32, 31, 26, 25, 28, 27, 4, 3, 2, 1, 7, 8, 5, 6, 16, 15, 14, 13, 12, 11, 10, 9], [26, 25, 28, 27, 30, 29, 32, 31, 21, 22, 23, 24, 18, 17, 20, 19, 12, 11, 10, 9, 16, 15, 14, 13, 7, 8, 5, 6, 4, 3, 2, 1]], "total_label": "3.32-9.0.2-4-8.6.1", "cc": [6, 1], "signature": "[0,2,4,8]", "label": "3.32-9.0.2-4-8", "genus": 3, "group": "[32,9]", "_id": {"$oid": "579ba5ad75d28e4971d3edeb"}}, {"passport_label": "3.32-9.0.2-4-8.7", "gen_vectors": [[11, 12, 9, 10, 16, 15, 14, 13, 3, 4, 1, 2, 8, 7, 6, 5, 27, 28, 25, 26, 32, 31, 30, 29, 19, 20, 17, 18, 24, 23, 22, 21], [20, 19, 18, 17, 23, 24, 21, 22, 32, 31, 30, 29, 28, 27, 26, 25, 2, 1, 4, 3, 5, 6, 7, 8, 14, 13, 16, 15, 10, 9, 12, 11], [28, 27, 26, 25, 32, 31, 30, 29, 23, 24, 21, 22, 20, 19, 18, 17, 10, 9, 12, 11, 14, 13, 16, 15, 5, 6, 7, 8, 2, 1, 4, 3]], "total_label": "3.32-9.0.2-4-8.7.1", "cc": [7, 1], "signature": "[0,2,4,8]", "label": "3.32-9.0.2-4-8", "genus": 3, "group": "[32,9]", "_id": {"$oid": "579ba5ae75d28e4971d3edec"}}, {"passport_label": "3.32-9.0.2-4-8.8", "gen_vectors": [[11, 12, 9, 10, 16, 15, 14, 13, 3, 4, 1, 2, 8, 7, 6, 5, 27, 28, 25, 26, 32, 31, 30, 29, 19, 20, 17, 18, 24, 23, 22, 21], [19, 20, 17, 18, 24, 23, 22, 21, 31, 32, 29, 30, 27, 28, 25, 26, 1, 2, 3, 4, 6, 5, 8, 7, 13, 14, 15, 16, 9, 10, 11, 12], [27, 28, 25, 26, 31, 32, 29, 30, 24, 23, 22, 21, 19, 20, 17, 18, 9, 10, 11, 12, 13, 14, 15, 16, 6, 5, 8, 7, 1, 2, 3, 4]], "total_label": "3.32-9.0.2-4-8.8.1", "cc": [8, 1], "signature": "[0,2,4,8]", "label": "3.32-9.0.2-4-8", "genus": 3, "group": "[32,9]", "_id": {"$oid": "579ba5ae75d28e4971d3eded"}}]
[{"passport_label": "3.16-6.0.2-8-8.1", "gen_vectors": [[5, 6, 7, 8, 1, 2, 3, 4, 13, 14, 15, 16, 9, 10, 11, 12], [9, 10, 11, 12, 14, 13, 16, 15, 3, 4, 2, 1, 8, 7, 5, 6], [16, 15, 13, 14, 11, 12, 10, 9, 5, 6, 7, 8, 2, 1, 4, 3]], "total_label": "3.16-6.0.2-8-8.1.1", "cc": [1, 1], "label": "3.16-6.0.2-8-8", "genus": 3, "signature": "[0,2,8,8]", "group": "[16,6]", "_id": {"$oid": "579ba5d275d28e4971d3ee38"}}, {"passport_label": "3.16-6.0.2-8-8.2", "gen_vectors": [[5, 6, 7, 8, 1, 2, 3, 4, 13, 14, 15, 16, 9, 10, 11, 12], [11, 12, 10, 9, 16, 15, 13, 14, 2, 1, 4, 3, 5, 6, 7, 8], [14, 13, 16, 15, 9, 10, 11, 12, 8, 7, 5, 6, 3, 4, 2, 1]], "total_label": "3.16-6.0.2-8-8.2.1", "cc": [2, 1], "label": "3.16-6.0.2-8-8", "genus": 3, "signature": "[0,2,8,8]", "group": "[16,6]", "_id": {"$oid": "579ba5d375d28e4971d3ee39"}}]
[{"passport_label": "3.32-11.0.2-4-8.1", "gen_vectors": [[9, 10, 11, 12, 14, 13, 16, 15, 1, 2, 3, 4, 6, 5, 8, 7, 25, 26, 27, 28, 30, 29, 32, 31, 17, 18, 19, 20, 22, 21, 24, 23], [25, 26, 27, 28, 29, 30, 31, 32, 22, 21, 24, 23, 17, 18, 19, 20, 11, 12, 10, 9, 15, 16, 14, 13, 8, 7, 5, 6, 3, 4, 2, 1], [23, 24, 22, 21, 19, 20, 18, 17, 28, 27, 25, 26, 31, 32, 30, 29, 6, 5, 8, 7, 2, 1, 4, 3, 9, 10, 11, 12, 14, 13, 16, 15]], "total_label": "3.32-11.0.2-4-8.1.1", "cc": [1, 1], "label": "3.32-11.0.2-4-8", "genus": 3, "signature": "[0,2,4,8]", "group": "[32,11]", "_id": {"$oid": "579ba5db75d28e4971d3ee49"}}, {"passport_label": "3.32-11.0.2-4-8.2", "gen_vectors": [[9, 10, 11, 12, 14, 13, 16, 15, 1, 2, 3, 4, 6, 5, 8, 7, 25, 26, 27, 28, 30, 29, 32, 31, 17, 18, 19, 20, 22, 21, 24, 23], [32, 31, 29, 30, 27, 28, 26, 25, 20, 19, 17, 18, 24, 23, 21, 22, 13, 14, 15, 16, 10, 9, 12, 11, 1, 2, 3, 4, 5, 6, 7, 8], [17, 18, 19, 20, 22, 21, 24, 23, 29, 30, 31, 32, 25, 26, 27, 28, 3, 4, 2, 1, 8, 7, 5, 6, 15, 16, 14, 13, 11, 12, 10, 9]], "total_label": "3.32-11.0.2-4-8.2.1", "cc": [2, 1], "label": "3.32-11.0.2-4-8", "genus": 3, "signature": "[0,2,4,8]", "group": "[32,11]", "_id": {"$oid": "579ba5db75d28e4971d3ee4a"}}, {"passport_label": "3.32-11.0.2-4-8.3", "gen_vectors": [[9, 10, 11, 12, 14, 13, 16, 15, 1, 2, 3, 4, 6, 5, 8, 7, 25, 26, 27, 28, 30, 29, 32, 31, 17, 18, 19, 20, 22, 21, 24, 23], [26, 25, 28, 27, 30, 29, 32, 31, 21, 22, 23, 24, 18, 17, 20, 19, 12, 11, 9, 10, 16, 15, 13, 14, 7, 8, 6, 5, 4, 3, 1, 2], [24, 23, 21, 22, 20, 19, 17, 18, 27, 28, 26, 25, 32, 31, 29, 30, 5, 6, 7, 8, 1, 2, 3, 4, 10, 9, 12, 11, 13, 14, 15, 16]], "total_label": "3.32-11.0.2-4-8.3.1", "cc": [3, 1], "label": "3.32-11.0.2-4-8", "genus": 3, "signature": "[0,2,4,8]", "group": "[32,11]", "_id": {"$oid": "579ba5dc75d28e4971d3ee4b"}}, {"passport_label": "3.32-11.0.2-4-8.4", "gen_vectors": [[9, 10, 11, 12, 14, 13, 16, 15, 1, 2, 3, 4, 6, 5, 8, 7, 25, 26, 27, 28, 30, 29, 32, 31, 17, 18, 19, 20, 22, 21, 24, 23], [31, 32, 30, 29, 28, 27, 25, 26, 19, 20, 18, 17, 23, 24, 22, 21, 14, 13, 16, 15, 9, 10, 11, 12, 2, 1, 4, 3, 6, 5, 8, 7], [18, 17, 20, 19, 21, 22, 23, 24, 30, 29, 32, 31, 26, 25, 28, 27, 4, 3, 1, 2, 7, 8, 6, 5, 16, 15, 13, 14, 12, 11, 9, 10]], "total_label": "3.32-11.0.2-4-8.4.1", "cc": [4, 1], "label": "3.32-11.0.2-4-8", "genus": 3, "signature": "[0,2,4,8]", "group": "[32,11]", "_id": {"$oid": "579ba5dc75d28e4971d3ee4c"}}]
[{"passport_label": "4.6-2.0.2-2-3-3-3.1", "gen_vectors": [[4, 5, 6, 1, 2, 3], [4, 5, 6, 1, 2, 3], [2, 3, 1, 5, 6, 4], [2, 3, 1, 5, 6, 4], [2, 3, 1, 5, 6, 4]], "total_label": "4.6-2.0.2-2-3-3-3.1.1", "cc": [1, 1], "label": "4.6-2.0.2-2-3-3-3", "genus": 4, "signature": "[0,2,2,3,3,3]", "group": "[6,2]", "_id": {"$oid": "579ba66475d28e4971d3ee5e"}}, {"passport_label": "4.6-2.0.2-2-3-3-3.2", "gen_vectors": [[4, 5, 6, 1, 2, 3], [4, 5, 6, 1, 2, 3], [3, 1, 2, 6, 4, 5], [3, 1, 2, 6, 4, 5], [3, 1, 2, 6, 4, 5]], "total_label": "4.6-2.0.2-2-3-3-3.2.1", "cc": [2, 1], "label": "4.6-2.0.2-2-3-3-3", "genus": 4, "signature": "[0,2,2,3,3,3]", "group": "[6,2]", "_id": {"$oid": "579ba66575d28e4971d3ee5f"}}]
[{"passport_label": "4.6-2.0.2-6-6-6.1", "gen_vectors": [[4, 5, 6, 1, 2, 3], [5, 6, 4, 2, 3, 1], [5, 6, 4, 2, 3, 1], [5, 6, 4, 2, 3, 1]], "total_label": "4.6-2.0.2-6-6-6.1.1", "cc": [1, 1], "label": "4.6-2.0.2-6-6-6", "genus": 4, "signature": "[0,2,6,6,6]", "group": "[6,2]", "_id": {"$oid": "579ba68275d28e4971d3ee9b"}}, {"passport_label": "4.6-2.0.2-6-6-6.2", "gen_vectors": [[4, 5, 6, 1, 2, 3], [6, 4, 5, 3, 1, 2], [6, 4, 5, 3, 1, 2], [6, 4, 5, 3, 1, 2]], "total_label": "4.6-2.0.2-6-6-6.2.1", "cc": [2, 1], "label": "4.6-2.0.2-6-6-6", "genus": 4, "signature": "[0,2,6,6,6]", "group": "[6,2]", "_id": {"$oid": "579ba68275d28e4971d3ee9c"}}]
[{"passport_label": "4.12-3.0.2-3-3-3.1", "gen_vectors": [[2, 1, 4, 3, 6, 5, 8, 7, 10, 9, 12, 11], [5, 8, 6, 7, 9, 12, 10, 11, 1, 4, 2, 3], [5, 8, 6, 7, 9, 12, 10, 11, 1, 4, 2, 3], [6, 7, 5, 8, 10, 11, 9, 12, 2, 3, 1, 4]], "total_label": "4.12-3.0.2-3-3-3.1.1", "cc": [1, 1], "label": "4.12-3.0.2-3-3-3", "genus": 4, "signature": "[0,2,3,3,3]", "group": "[12,3]", "_id": {"$oid": "579ba68575d28e4971d3eea4"}}, {"passport_label": "4.12-3.0.2-3-3-3.1", "gen_vectors": [[2, 1, 4, 3, 6, 5, 8, 7, 10, 9, 12, 11], [5, 8, 6, 7, 9, 12, 10, 11, 1, 4, 2, 3], [7, 6, 8, 5, 11, 10, 12, 9, 3, 2, 4, 1], [5, 8, 6, 7, 9, 12, 10, 11, 1, 4, 2, 3]], "total_label": "4.12-3.0.2-3-3-3.1.2", "cc": [1, 2], "label": "4.12-3.0.2-3-3-3", "genus": 4, "signature": "[0,2,3,3,3]", "group": "[12,3]", "_id": {"$oid": "579ba68575d28e4971d3eea5"}}, {"passport_label": "4.12-3.0.2-3-3-3.1", "gen_vectors": [[2, 1, 4, 3, 6, 5, 8, 7, 10, 9, 12, 11], [5, 8, 6, 7, 9, 12, 10, 11, 1, 4, 2, 3], [8, 5, 7, 6, 12, 9, 11, 10, 4, 1, 3, 2], [8, 5, 7, 6, 12, 9, 11, 10, 4, 1, 3, 2]], "total_label": "4.12-3.0.2-3-3-3.1.3", "cc": [1, 3], "label": "4.12-3.0.2-3-3-3", "genus": 4, "signature": "[0,2,3,3,3]", "group": "[12,3]", "_id": {"$oid": "579ba68575d28e4971d3eea6"}}, {"passport_label": "4.12-3.0.2-3-3-3.1", "gen_vectors": [[2, 1, 4, 3, 6, 5, 8, 7, 10, 9, 12, 11], [5, 8, 6, 7, 9, 12, 10, 11, 1, 4, 2, 3], [6, 7, 5, 8, 10, 11, 9, 12, 2, 3, 1, 4], [7, 6, 8, 5, 11, 10, 12, 9, 3, 2, 4, 1]], "total_label": "4.12-3.0.2-3-3-3.1.4", "cc": [1, 4], "label": "4.12-3.0.2-3-3-3", "genus": 4, "signature": "[0,2,3,3,3]", "group": "[12,3]", "_id": {"$oid": "579ba68675d28e4971d3eea7"}}, {"passport_label": "4.12-3.0.2-3-3-3.2", "gen_vectors": [[2, 1, 4, 3, 6, 5, 8, 7, 10, 9, 12, 11], [9, 11, 12, 10, 1, 3, 4, 2, 5, 7, 8, 6], [9, 11, 12, 10, 1, 3, 4, 2, 5, 7, 8, 6], [10, 12, 11, 9, 2, 4, 3, 1, 6, 8, 7, 5]], "total_label": "4.12-3.0.2-3-3-3.2.1", "cc": [2, 1], "label": "4.12-3.0.2-3-3-3", "genus": 4, "signature": "[0,2,3,3,3]", "group": "[12,3]", "_id": {"$oid": "579ba68675d28e4971d3eea8"}}, {"passport_label": "4.12-3.0.2-3-3-3.2", "gen_vectors": [[2, 1, 4, 3, 6, 5, 8, 7, 10, 9, 12, 11], [9, 11, 12, 10, 1, 3, 4, 2, 5, 7, 8, 6], [12, 10, 9, 11, 4, 2, 1, 3, 8, 6, 5, 7], [9, 11, 12, 10, 1, 3, 4, 2, 5, 7, 8, 6]], "total_label": "4.12-3.0.2-3-3-3.2.2", "cc": [2, 2], "label": "4.12-3.0.2-3-3-3", "genus": 4, "signature": "[0,2,3,3,3]", "group": "[12,3]", "_id": {"$oid": "579ba68775d28e4971d3eea9"}}, {"passport_label": "4.12-3.0.2-3-3-3.2", "gen_vectors": [[2, 1, 4, 3, 6, 5, 8, 7, 10, 9, 12, 11], [9, 11, 12, 10, 1, 3, 4, 2, 5, 7, 8, 6], [10, 12, 11, 9, 2, 4, 3, 1, 6, 8, 7, 5], [12, 10, 9, 11, 4, 2, 1, 3, 8, 6, 5, 7]], "total_label": "4.12-3.0.2-3-3-3.2.3", "cc": [2, 3], "label": "4.12-3.0.2-3-3-3", "genus": 4, "signature": "[0,2,3,3,3]", "group": "[12,3]", "_id": {"$oid": "579ba68775d28e4971d3eeaa"}}, {"passport_label": "4.12-3.0.2-3-3-3.2", "gen_vectors": [[2, 1, 4, 3, 6, 5, 8, 7, 10, 9, 12, 11], [9, 11, 12, 10, 1, 3, 4, 2, 5, 7, 8, 6], [11, 9, 10, 12, 3, 1, 2, 4, 7, 5, 6, 8], [11, 9, 10, 12, 3, 1, 2, 4, 7, 5, 6, 8]], "total_label": "4.12-3.0.2-3-3-3.2.4", "cc": [2, 4], "label": "4.12-3.0.2-3-3-3", "genus": 4, "signature": "[0,2,3,3,3]", "group": "[12,3]", "_id": {"$oid": "579ba68875d28e4971d3eeab"}}]
[{"passport_label": "4.5-1.0.5-5-5-5.3", "gen_vectors": [[2, 3, 4, 5, 1], [3, 4, 5, 1, 2], [4, 5, 1, 2, 3], [5, 1, 2, 3, 4]], "total_label": "4.5-1.0.5-5-5-5.3.1", "cc": [3, 1], "label": "4.5-1.0.5-5-5-5", "genus": 4, "signature": "[0,5,5,5,5]", "group": "[5,1]", "_id": {"$oid": "579ba6a175d28e4971d3eee0"}}, {"passport_label": "4.5-1.0.5-5-5-5.1", "gen_vectors": [[2, 3, 4, 5, 1], [2, 3, 4, 5, 1], [2, 3, 4, 5, 1], [3, 4, 5, 1, 2]], "total_label": "4.5-1.0.5-5-5-5.1.1", "cc": [1, 1], "label": "4.5-1.0.5-5-5-5", "genus": 4, "signature": "[0,5,5,5,5]", "group": "[5,1]", "_id": {"$oid": "579ba6df75d28e4971d3ef5f"}}, {"passport_label": "4.5-1.0.5-5-5-5.4", "gen_vectors": [[2, 3, 4, 5, 1], [4, 5, 1, 2, 3], [4, 5, 1, 2, 3], [4, 5, 1, 2, 3]], "total_label": "4.5-1.0.5-5-5-5.4.1", "cc": [4, 1], "label": "4.5-1.0.5-5-5-5", "genus": 4, "signature": "[0,5,5,5,5]", "group": "[5,1]", "_id": {"$oid": "579ba6df75d28e4971d3ef60"}}, {"passport_label": "4.5-1.0.5-5-5-5.5", "gen_vectors": [[3, 4, 5, 1, 2], [3, 4, 5, 1, 2], [3, 4, 5, 1, 2], [5, 1, 2, 3, 4]], "total_label": "4.5-1.0.5-5-5-5.5.1", "cc": [5, 1], "label": "4.5-1.0.5-5-5-5", "genus": 4, "signature": "[0,5,5,5,5]", "group": "[5,1]", "_id": {"$oid": "579ba6e075d28e4971d3ef61"}}, {"passport_label": "4.5-1.0.5-5-5-5.7", "gen_vectors": [[4, 5, 1, 2, 3], [5, 1, 2, 3, 4], [5, 1, 2, 3, 4], [5, 1, 2, 3, 4]], "total_label": "4.5-1.0.5-5-5-5.7.1", "cc": [7, 1], "label": "4.5-1.0.5-5-5-5", "genus": 4, "signature": "[0,5,5,5,5]", "group": "[5,1]", "_id": {"$oid": "579ba6e075d28e4971d3ef62"}}, {"passport_label": "4.5-1.0.5-5-5-5.2", "gen_vectors": [[2, 3, 4, 5, 1], [2, 3, 4, 5, 1], [5, 1, 2, 3, 4], [5, 1, 2, 3, 4]], "total_label": "4.5-1.0.5-5-5-5.2.1", "cc": [2, 1], "label": "4.5-1.0.5-5-5-5", "genus": 4, "signature": "[0,5,5,5,5]", "group": "[5,1]", "_id": {"$oid": "579ba6e075d28e4971d3ef63"}}, {"passport_label": "4.5-1.0.5-5-5-5.6", "gen_vectors": [[3, 4, 5, 1, 2], [3, 4, 5, 1, 2], [4, 5, 1, 2, 3], [4, 5, 1, 2, 3]], "total_label": "4.5-1.0.5-5-5-5.6.1", "cc": [6, 1], "label": "4.5-1.0.5-5-5-5", "genus": 4, "signature": "[0,5,5,5,5]", "group": "[5,1]", "_id": {"$oid": "579ba6e175d28e4971d3ef64"}}]
[{"passport_label": "4.36-9.0.3-4-4.1", "gen_vectors": [[2, 3, 1, 5, 6, 4, 8, 9, 7, 11, 12, 10, 14, 15, 13, 17, 18, 16, 20, 21, 19, 23, 24, 22, 26, 27, 25, 29, 30, 28, 32, 33, 31, 35, 36, 34], [19, 27, 23, 24, 20, 25, 26, 22, 21, 28, 36, 32, 33, 29, 34, 35, 31, 30, 10, 18, 14, 15, 11, 16, 17, 13, 12, 1, 9, 5, 6, 2, 7, 8, 4, 3], [30, 31, 35, 34, 29, 33, 32, 36, 28, 21, 22, 26, 25, 20, 24, 23, 27, 19, 3, 4, 8, 7, 2, 6, 5, 9, 1, 12, 13, 17, 16, 11, 15, 14, 18, 10]], "total_label": "4.36-9.0.3-4-4.1.1", "cc": [1, 1], "label": "4.36-9.0.3-4-4", "genus": 4, "signature": "[0,3,4,4]", "group": "[36,9]", "_id": {"$oid": "579ba6da75d28e4971d3ef55"}}, {"passport_label": "4.36-9.0.3-4-4.2", "gen_vectors": [[4, 5, 6, 7, 8, 9, 1, 2, 3, 13, 14, 15, 16, 17, 18, 10, 11, 12, 22, 23, 24, 25, 26, 27, 19, 20, 21, 31, 32, 33, 34, 35, 36, 28, 29, 30], [19, 27, 23, 24, 20, 25, 26, 22, 21, 28, 36, 32, 33, 29, 34, 35, 31, 30, 10, 18, 14, 15, 11, 16, 17, 13, 12, 1, 9, 5, 6, 2, 7, 8, 4, 3], [34, 29, 33, 32, 36, 28, 30, 31, 35, 25, 20, 24, 23, 27, 19, 21, 22, 26, 7, 2, 6, 5, 9, 1, 3, 4, 8, 16, 11, 15, 14, 18, 10, 12, 13, 17]], "total_label": "4.36-9.0.3-4-4.2.1", "cc": [2, 1], "label": "4.36-9.0.3-4-4", "genus": 4, "signature": "[0,3,4,4]", "group": "[36,9]", "_id": {"$oid": "579ba6da75d28e4971d3ef56"}}]
[{"passport_label": "4.18-2.0.2-9-18.1", "gen_vectors": [[10, 11, 12, 13, 14, 15, 16, 17, 18, 1, 2, 3, 4, 5, 6, 7, 8, 9], [4, 5, 6, 7, 8, 9, 2, 3, 1, 13, 14, 15, 16, 17, 18, 11, 12, 10], [18, 16, 17, 10, 11, 12, 13, 14, 15, 9, 7, 8, 1, 2, 3, 4, 5, 6]], "total_label": "4.18-2.0.2-9-18.1.1", "cc": [1, 1], "signature": "[0,2,9,18]", "label": "4.18-2.0.2-9-18", "genus": 4, "group": "[18,2]", "_id": {"$oid": "579ba69175d28e4971d3eebe"}}, {"passport_label": "4.18-2.0.2-9-18.2", "gen_vectors": [[10, 11, 12, 13, 14, 15, 16, 17, 18, 1, 2, 3, 4, 5, 6, 7, 8, 9], [7, 8, 9, 2, 3, 1, 5, 6, 4, 16, 17, 18, 11, 12, 10, 14, 15, 13], [15, 13, 14, 18, 16, 17, 10, 11, 12, 6, 4, 5, 9, 7, 8, 1, 2, 3]], "total_label": "4.18-2.0.2-9-18.2.1", "cc": [2, 1], "signature": "[0,2,9,18]", "label": "4.18-2.0.2-9-18", "genus": 4, "group": "[18,2]", "_id": {"$oid": "579ba69275d28e4971d3eebf"}}, {"passport_label": "4.18-2.0.2-9-18.3", "gen_vectors": [[10, 11, 12, 13, 14, 15, 16, 17, 18, 1, 2, 3, 4, 5, 6, 7, 8, 9], [5, 6, 4, 8, 9, 7, 3, 1, 2, 14, 15, 13, 17, 18, 16, 12, 10, 11], [17, 18, 16, 12, 10, 11, 15, 13, 14, 8, 9, 7, 3, 1, 2, 6, 4, 5]], "total_label": "4.18-2.0.2-9-18.3.1", "cc": [3, 1], "signature": "[0,2,9,18]", "label": "4.18-2.0.2-9-18", "genus": 4, "group": "[18,2]", "_id": {"$oid": "579ba69275d28e4971d3eec0"}}, {"passport_label": "4.18-2.0.2-9-18.4", "gen_vectors": [[10, 11, 12, 13, 14, 15, 16, 17, 18, 1, 2, 3, 4, 5, 6, 7, 8, 9], [8, 9, 7, 3, 1, 2, 6, 4, 5, 17, 18, 16, 12, 10, 11, 15, 13, 14], [14, 15, 13, 17, 18, 16, 12, 10, 11, 5, 6, 4, 8, 9, 7, 3, 1, 2]], "total_label": "4.18-2.0.2-9-18.4.1", "cc": [4, 1], "signature": "[0,2,9,18]", "label": "4.18-2.0.2-9-18", "genus": 4, "group": "[18,2]", "_id": {"$oid": "579ba69375d28e4971d3eec1"}}, {"passport_label": "4.18-2.0.2-9-18.5", "gen_vectors": [[10, 11, 12, 13, 14, 15, 16, 17, 18, 1, 2, 3, 4, 5, 6, 7, 8, 9], [6, 4, 5, 9, 7, 8, 1, 2, 3, 15, 13, 14, 18, 16, 17, 10, 11, 12], [16, 17, 18, 11, 12, 10, 14, 15, 13, 7, 8, 9, 2, 3, 1, 5, 6, 4]], "total_label": "4.18-2.0.2-9-18.5.1", "cc": [5, 1], "signature": "[0,2,9,18]", "label": "4.18-2.0.2-9-18", "genus": 4, "group": "[18,2]", "_id": {"$oid": "579ba69375d28e4971d3eec2"}}, {"passport_label": "4.18-2.0.2-9-18.6", "gen_vectors": [[10, 11, 12, 13, 14, 15, 16, 17, 18, 1, 2, 3, 4, 5, 6, 7, 8, 9], [9, 7, 8, 1, 2, 3, 4, 5, 6, 18, 16, 17, 10, 11, 12, 13, 14, 15], [13, 14, 15, 16, 17, 18, 11, 12, 10, 4, 5, 6, 7, 8, 9, 2, 3, 1]], "total_label": "4.18-2.0.2-9-18.6.1", "cc": [6, 1], "signature": "[0,2,9,18]", "label": "4.18-2.0.2-9-18", "genus": 4, "group": "[18,2]", "_id": {"$oid": "579ba69475d28e4971d3eec3"}}]
[{"passport_label": "5.6-2.0.2-2-2-2-3-3.1", "gen_vectors": [[4, 5, 6, 1, 2, 3], [4, 5, 6, 1, 2, 3], [4, 5, 6, 1, 2, 3], [4, 5, 6, 1, 2, 3], [2, 3, 1, 5, 6, 4], [3, 1, 2, 6, 4, 5]], "total_label": "5.6-2.0.2-2-2-2-3-3.1.1", "cc": [1, 1], "signature": "[0,2,2,2,2,3,3]", "label": "5.6-2.0.2-2-2-2-3-3", "genus": 5, "group": "[6,2]", "_id": {"$oid": "579bc7a075d28e4971d3ef98"}}]
[{"passport_label": "5.8-3.0.2-2-2-4-4.1", "gen_vectors": [[2, 1, 4, 3, 6, 5, 8, 7], [3, 4, 1, 2, 7, 8, 5, 6], [3, 4, 1, 2, 7, 8, 5, 6], [7, 8, 6, 5, 3, 4, 2, 1], [7, 8, 6, 5, 3, 4, 2, 1]], "total_label": "5.8-3.0.2-2-2-4-4.1.1", "cc": [1, 1], "label": "5.8-3.0.2-2-2-4-4", "genus": 5, "signature": "[0,2,2,2,4,4]", "group": "[8,3]", "_id": {"$oid": "579bc7ac75d28e4971d3efaf"}}, {"passport_label": "5.8-3.0.2-2-2-4-4.1", "gen_vectors": [[2, 1, 4, 3, 6, 5, 8, 7], [3, 4, 1, 2, 7, 8, 5, 6], [4, 3, 2, 1, 8, 7, 6, 5], [7, 8, 6, 5, 3, 4, 2, 1], [8, 7, 5, 6, 4, 3, 1, 2]], "total_label": "5.8-3.0.2-2-2-4-4.1.2", "cc": [1, 2], "label": "5.8-3.0.2-2-2-4-4", "genus": 5, "signature": "[0,2,2,2,4,4]", "group": "[8,3]", "_id": {"$oid": "579bc7ac75d28e4971d3efb0"}}, {"passport_label": "5.8-3.0.2-2-2-4-4.2", "gen_vectors": [[2, 1, 4, 3, 6, 5, 8, 7], [5, 6, 8, 7, 1, 2, 4, 3], [5, 6, 8, 7, 1, 2, 4, 3], [7, 8, 6, 5, 3, 4, 2, 1], [7, 8, 6, 5, 3, 4, 2, 1]], "total_label": "5.8-3.0.2-2-2-4-4.2.1", "cc": [2, 1], "label": "5.8-3.0.2-2-2-4-4", "genus": 5, "signature": "[0,2,2,2,4,4]", "group": "[8,3]", "_id": {"$oid": "579bc7ac75d28e4971d3efb1"}}, {"passport_label": "5.8-3.0.2-2-2-4-4.2", "gen_vectors": [[2, 1, 4, 3, 6, 5, 8, 7], [5, 6, 8, 7, 1, 2, 4, 3], [6, 5, 7, 8, 2, 1, 3, 4], [7, 8, 6, 5, 3, 4, 2, 1], [8, 7, 5, 6, 4, 3, 1, 2]], "total_label": "5.8-3.0.2-2-2-4-4.2.2", "cc": [2, 2], "label": "5.8-3.0.2-2-2-4-4", "genus": 5, "signature": "[0,2,2,2,4,4]", "group": "[8,3]", "_id": {"$oid": "579bc7ad75d28e4971d3efb2"}}]
