[{"passport_label": "2.24-8.0.2-4-6.1", "gen_vectors": [[13, 15, 14, 16, 18, 17, 22, 24, 23, 19, 21, 20, 1, 3, 2, 4, 6, 5, 10, 12, 11, 7, 9, 8], [21, 20, 19, 24, 23, 22, 18, 17, 16, 15, 14, 13, 9, 8, 7, 12, 11, 10, 6, 5, 4, 3, 2, 1], [8, 9, 7, 11, 12, 10, 2, 3, 1, 5, 6, 4, 20, 21, 19, 23, 24, 22, 14, 15, 13, 17, 18, 16]], "total_label": "2.24-8.0.2-4-6.1.1", "cc": [1, 1], "signature": "[0,2,4,6]", "label": "2.24-8.0.2-4-6", "genus": 2, "group": "[24,8]", "_id": {"$oid": "579ba55175d28e4971d3ed72"}}, {"passport_label": "2.24-8.0.2-4-6.2", "gen_vectors": [[13, 15, 14, 16, 18, 17, 22, 24, 23, 19, 21, 20, 1, 3, 2, 4, 6, 5, 10, 12, 11, 7, 9, 8], [20, 19, 21, 23, 22, 24, 17, 16, 18, 14, 13, 15, 8, 7, 9, 11, 10, 12, 5, 4, 6, 2, 1, 3], [9, 7, 8, 12, 10, 11, 3, 1, 2, 6, 4, 5, 21, 19, 20, 24, 22, 23, 15, 13, 14, 18, 16, 17]], "total_label": "2.24-8.0.2-4-6.2.1", "cc": [2, 1], "signature": "[0,2,4,6]", "label": "2.24-8.0.2-4-6", "genus": 2, "group": "[24,8]", "_id": {"$oid": "579ba55275d28e4971d3ed73"}}]
[{"passport_label": "2.3-1.0.3-3-3-3.1", "gen_vectors": [[2, 3, 1], [2, 3, 1], [3, 1, 2], [3, 1, 2]], "total_label": "2.3-1.0.3-3-3-3.1.1", "cc": [1, 1], "label": "2.3-1.0.3-3-3-3", "genus": 2, "signature": "[0,3,3,3,3]", "group": "[3,1]", "_id": {"$oid": "579ba55d75d28e4971d3ed8b"}}]
[{"passport_label": "3.4-2.0.2-2-2-2-2-2.1", "gen_vectors": [[2, 1, 4, 3], [2, 1, 4, 3], [2, 1, 4, 3], [2, 1, 4, 3], [3, 4, 1, 2], [3, 4, 1, 2]], "total_label": "3.4-2.0.2-2-2-2-2-2.1.1", "cc": [1, 1], "signature": "[0,2,2,2,2,2,2]", "label": "3.4-2.0.2-2-2-2-2-2", "genus": 3, "group": "[4,2]", "_id": {"$oid": "579ba58375d28e4971d3ed93"}}, {"passport_label": "3.4-2.0.2-2-2-2-2-2.2", "gen_vectors": [[2, 1, 4, 3], [2, 1, 4, 3], [2, 1, 4, 3], [2, 1, 4, 3], [4, 3, 2, 1], [4, 3, 2, 1]], "total_label": "3.4-2.0.2-2-2-2-2-2.2.1", "cc": [2, 1], "signature": "[0,2,2,2,2,2,2]", "label": "3.4-2.0.2-2-2-2-2-2", "genus": 3, "group": "[4,2]", "_id": {"$oid": "579ba58375d28e4971d3ed94"}}, {"passport_label": "3.4-2.0.2-2-2-2-2-2.3", "gen_vectors": [[2, 1, 4, 3], [2, 1, 4, 3], [3, 4, 1, 2], [3, 4, 1, 2], [3, 4, 1, 2], [3, 4, 1, 2]], "total_label": "3.4-2.0.2-2-2-2-2-2.3.1", "cc": [3, 1], "signature": "[0,2,2,2,2,2,2]", "label": "3.4-2.0.2-2-2-2-2-2", "genus": 3, "group": "[4,2]", "_id": {"$oid": "579ba58475d28e4971d3ed95"}}, {"passport_label": "3.4-2.0.2-2-2-2-2-2.4", "gen_vectors": [[2, 1, 4, 3], [2, 1, 4, 3], [3, 4, 1, 2], [3, 4, 1, 2], [4, 3, 2, 1], [4, 3, 2, 1]], "total_label": "3.4-2.0.2-2-2-2-2-2.4.1", "cc": [4, 1], "signature": "[0,2,2,2,2,2,2]", "label": "3.4-2.0.2-2-2-2-2-2", "genus": 3, "group": "[4,2]", "_id": {"$oid": "579ba58475d28e4971d3ed96"}}, {"passport_label": "3.4-2.0.2-2-2-2-2-2.5", "gen_vectors": [[2, 1, 4, 3], [2, 1, 4, 3], [4, 3, 2, 1], [4, 3, 2, 1], [4, 3, 2, 1], [4, 3, 2, 1]], "total_label": "3.4-2.0.2-2-2-2-2-2.5.1", "cc": [5, 1], "signature": "[0,2,2,2,2,2,2]", "label": "3.4-2.0.2-2-2-2-2-2", "genus": 3, "group": "[4,2]", "_id": {"$oid": "579ba58575d28e4971d3ed97"}}, {"passport_label": "3.4-2.0.2-2-2-2-2-2.6", "gen_vectors": [[3, 4, 1, 2], [3, 4, 1, 2], [3, 4, 1, 2], [3, 4, 1, 2], [4, 3, 2, 1], [4, 3, 2, 1]], "total_label": "3.4-2.0.2-2-2-2-2-2.6.1", "cc": [6, 1], "signature": "[0,2,2,2,2,2,2]", "label": "3.4-2.0.2-2-2-2-2-2", "genus": 3, "group": "[4,2]", "_id": {"$oid": "579ba58575d28e4971d3ed98"}}, {"passport_label": "3.4-2.0.2-2-2-2-2-2.7", "gen_vectors": [[3, 4, 1, 2], [3, 4, 1, 2], [4, 3, 2, 1], [4, 3, 2, 1], [4, 3, 2, 1], [4, 3, 2, 1]], "total_label": "3.4-2.0.2-2-2-2-2-2.7.1", "cc": [7, 1], "signature": "[0,2,2,2,2,2,2]", "label": "3.4-2.0.2-2-2-2-2-2", "genus": 3, "group": "[4,2]", "_id": {"$oid": "579ba58675d28e4971d3ed99"}}]
[{"passport_label": "3.4-1.0.4-4-4-4.1", "gen_vectors": [[3, 4, 2, 1], [3, 4, 2, 1], [3, 4, 2, 1], [3, 4, 2, 1]], "total_label": "3.4-1.0.4-4-4-4.1.1", "cc": [1, 1], "label": "3.4-1.0.4-4-4-4", "genus": 3, "signature": "[0,4,4,4,4]", "group": "[4,1]", "_id": {"$oid": "579ba5b475d28e4971d3edf8"}}, {"passport_label": "3.4-1.0.4-4-4-4.3", "gen_vectors": [[4, 3, 1, 2], [4, 3, 1, 2], [4, 3, 1, 2], [4, 3, 1, 2]], "total_label": "3.4-1.0.4-4-4-4.3.1", "cc": [3, 1], "label": "3.4-1.0.4-4-4-4", "genus": 3, "signature": "[0,4,4,4,4]", "group": "[4,1]", "_id": {"$oid": "579ba5b475d28e4971d3edf9"}}, {"passport_label": "3.4-1.0.4-4-4-4.2", "gen_vectors": [[3, 4, 2, 1], [3, 4, 2, 1], [4, 3, 1, 2], [4, 3, 1, 2]], "total_label": "3.4-1.0.4-4-4-4.2.1", "cc": [2, 1], "label": "3.4-1.0.4-4-4-4", "genus": 3, "signature": "[0,4,4,4,4]", "group": "[4,1]", "_id": {"$oid": "579ba5d775d28e4971d3ee42"}}]
[{"passport_label": "3.12-3.0.2-2-3-3.1", "gen_vectors": [[2, 1, 4, 3, 6, 5, 8, 7, 10, 9, 12, 11], [2, 1, 4, 3, 6, 5, 8, 7, 10, 9, 12, 11], [5, 8, 6, 7, 9, 12, 10, 11, 1, 4, 2, 3], [9, 11, 12, 10, 1, 3, 4, 2, 5, 7, 8, 6]], "total_label": "3.12-3.0.2-2-3-3.1.1", "cc": [1, 1], "label": "3.12-3.0.2-2-3-3", "genus": 3, "signature": "[0,2,2,3,3]", "group": "[12,3]", "_id": {"$oid": "579ba5c475d28e4971d3ee19"}}, {"passport_label": "3.12-3.0.2-2-3-3.1", "gen_vectors": [[2, 1, 4, 3, 6, 5, 8, 7, 10, 9, 12, 11], [4, 3, 2, 1, 8, 7, 6, 5, 12, 11, 10, 9], [5, 8, 6, 7, 9, 12, 10, 11, 1, 4, 2, 3], [11, 9, 10, 12, 3, 1, 2, 4, 7, 5, 6, 8]], "total_label": "3.12-3.0.2-2-3-3.1.2", "cc": [1, 2], "label": "3.12-3.0.2-2-3-3", "genus": 3, "signature": "[0,2,2,3,3]", "group": "[12,3]", "_id": {"$oid": "579ba5c475d28e4971d3ee1a"}}, {"passport_label": "3.12-3.0.2-2-3-3.1", "gen_vectors": [[2, 1, 4, 3, 6, 5, 8, 7, 10, 9, 12, 11], [3, 4, 1, 2, 7, 8, 5, 6, 11, 12, 9, 10], [5, 8, 6, 7, 9, 12, 10, 11, 1, 4, 2, 3], [12, 10, 9, 11, 4, 2, 1, 3, 8, 6, 5, 7]], "total_label": "3.12-3.0.2-2-3-3.1.3", "cc": [1, 3], "label": "3.12-3.0.2-2-3-3", "genus": 3, "signature": "[0,2,2,3,3]", "group": "[12,3]", "_id": {"$oid": "579ba5c475d28e4971d3ee1b"}}]
[{"passport_label": "3.48-3.0.3-3-4.1", "gen_vectors": [[17, 20, 18, 19, 30, 31, 29, 32, 21, 24, 22, 23, 28, 25, 27, 26, 33, 36, 34, 35, 46, 47, 45, 48, 37, 40, 38, 39, 44, 41, 43, 42, 1, 4, 2, 3, 14, 15, 13, 16, 5, 8, 6, 7, 12, 9, 11, 10], [45, 47, 48, 46, 40, 38, 37, 39, 33, 35, 36, 34, 41, 43, 44, 42, 13, 15, 16, 14, 8, 6, 5, 7, 1, 3, 4, 2, 9, 11, 12, 10, 29, 31, 32, 30, 24, 22, 21, 23, 17, 19, 20, 18, 25, 27, 28, 26], [14, 13, 16, 15, 12, 11, 10, 9, 7, 8, 5, 6, 1, 2, 3, 4, 30, 29, 32, 31, 28, 27, 26, 25, 23, 24, 21, 22, 17, 18, 19, 20, 46, 45, 48, 47, 44, 43, 42, 41, 39, 40, 37, 38, 33, 34, 35, 36]], "total_label": "3.48-3.0.3-3-4.1.1", "cc": [1, 1], "label": "3.48-3.0.3-3-4", "genus": 3, "signature": "[0,3,3,4]", "group": "[48,3]", "_id": {"$oid": "579ba5d575d28e4971d3ee3e"}}, {"passport_label": "3.48-3.0.3-3-4.2", "gen_vectors": [[17, 20, 18, 19, 30, 31, 29, 32, 21, 24, 22, 23, 28, 25, 27, 26, 33, 36, 34, 35, 46, 47, 45, 48, 37, 40, 38, 39, 44, 41, 43, 42, 1, 4, 2, 3, 14, 15, 13, 16, 5, 8, 6, 7, 12, 9, 11, 10], [46, 48, 47, 45, 39, 37, 38, 40, 34, 36, 35, 33, 42, 44, 43, 41, 14, 16, 15, 13, 7, 5, 6, 8, 2, 4, 3, 1, 10, 12, 11, 9, 30, 32, 31, 29, 23, 21, 22, 24, 18, 20, 19, 17, 26, 28, 27, 25], [13, 14, 15, 16, 11, 12, 9, 10, 8, 7, 6, 5, 2, 1, 4, 3, 29, 30, 31, 32, 27, 28, 25, 26, 24, 23, 22, 21, 18, 17, 20, 19, 45, 46, 47, 48, 43, 44, 41, 42, 40, 39, 38, 37, 34, 33, 36, 35]], "total_label": "3.48-3.0.3-3-4.2.1", "cc": [2, 1], "label": "3.48-3.0.3-3-4", "genus": 3, "signature": "[0,3,3,4]", "group": "[48,3]", "_id": {"$oid": "579ba5d675d28e4971d3ee3f"}}, {"passport_label": "3.48-3.0.3-3-4.3", "gen_vectors": [[17, 20, 18, 19, 30, 31, 29, 32, 21, 24, 22, 23, 28, 25, 27, 26, 33, 36, 34, 35, 46, 47, 45, 48, 37, 40, 38, 39, 44, 41, 43, 42, 1, 4, 2, 3, 14, 15, 13, 16, 5, 8, 6, 7, 12, 9, 11, 10], [48, 46, 45, 47, 37, 39, 40, 38, 36, 34, 33, 35, 44, 42, 41, 43, 16, 14, 13, 15, 5, 7, 8, 6, 4, 2, 1, 3, 12, 10, 9, 11, 32, 30, 29, 31, 21, 23, 24, 22, 20, 18, 17, 19, 28, 26, 25, 27], [15, 16, 13, 14, 9, 10, 11, 12, 6, 5, 8, 7, 4, 3, 2, 1, 31, 32, 29, 30, 25, 26, 27, 28, 22, 21, 24, 23, 20, 19, 18, 17, 47, 48, 45, 46, 41, 42, 43, 44, 38, 37, 40, 39, 36, 35, 34, 33]], "total_label": "3.48-3.0.3-3-4.3.1", "cc": [3, 1], "label": "3.48-3.0.3-3-4", "genus": 3, "signature": "[0,3,3,4]", "group": "[48,3]", "_id": {"$oid": "579ba5d675d28e4971d3ee40"}}, {"passport_label": "3.48-3.0.3-3-4.4", "gen_vectors": [[17, 20, 18, 19, 30, 31, 29, 32, 21, 24, 22, 23, 28, 25, 27, 26, 33, 36, 34, 35, 46, 47, 45, 48, 37, 40, 38, 39, 44, 41, 43, 42, 1, 4, 2, 3, 14, 15, 13, 16, 5, 8, 6, 7, 12, 9, 11, 10], [47, 45, 46, 48, 38, 40, 39, 37, 35, 33, 34, 36, 43, 41, 42, 44, 15, 13, 14, 16, 6, 8, 7, 5, 3, 1, 2, 4, 11, 9, 10, 12, 31, 29, 30, 32, 22, 24, 23, 21, 19, 17, 18, 20, 27, 25, 26, 28], [16, 15, 14, 13, 10, 9, 12, 11, 5, 6, 7, 8, 3, 4, 1, 2, 32, 31, 30, 29, 26, 25, 28, 27, 21, 22, 23, 24, 19, 20, 17, 18, 48, 47, 46, 45, 42, 41, 44, 43, 37, 38, 39, 40, 35, 36, 33, 34]], "total_label": "3.48-3.0.3-3-4.4.1", "cc": [4, 1], "label": "3.48-3.0.3-3-4", "genus": 3, "signature": "[0,3,3,4]", "group": "[48,3]", "_id": {"$oid": "579ba5d775d28e4971d3ee41"}}]
[{"passport_label": "4.4-1.0.2-2-2-2-4-4.1", "gen_vectors": [[2, 1, 4, 3], [2, 1, 4, 3], [2, 1, 4, 3], [2, 1, 4, 3], [3, 4, 2, 1], [4, 3, 1, 2]], "total_label": "4.4-1.0.2-2-2-2-4-4.1.1", "cc": [1, 1], "signature": "[0,2,2,2,2,4,4]", "label": "4.4-1.0.2-2-2-2-4-4", "genus": 4, "group": "[4,1]", "_id": {"$oid": "579ba65f75d28e4971d3ee53"}}]
[{"passport_label": "4.6-2.0.2-2-2-3-6.1", "gen_vectors": [[4, 5, 6, 1, 2, 3], [4, 5, 6, 1, 2, 3], [4, 5, 6, 1, 2, 3], [2, 3, 1, 5, 6, 4], [6, 4, 5, 3, 1, 2]], "total_label": "4.6-2.0.2-2-2-3-6.1.1", "cc": [1, 1], "signature": "[0,2,2,2,3,6]", "label": "4.6-2.0.2-2-2-3-6", "genus": 4, "group": "[6,2]", "_id": {"$oid": "579ba66575d28e4971d3ee60"}}, {"passport_label": "4.6-2.0.2-2-2-3-6.2", "gen_vectors": [[4, 5, 6, 1, 2, 3], [4, 5, 6, 1, 2, 3], [4, 5, 6, 1, 2, 3], [3, 1, 2, 6, 4, 5], [5, 6, 4, 2, 3, 1]], "total_label": "4.6-2.0.2-2-2-3-6.2.1", "cc": [2, 1], "signature": "[0,2,2,2,3,6]", "label": "4.6-2.0.2-2-2-3-6", "genus": 4, "group": "[6,2]", "_id": {"$oid": "579ba66675d28e4971d3ee61"}}]
[{"passport_label": "4.8-4.0.2-4-4-4.1", "gen_vectors": [[2, 1, 4, 3, 6, 5, 8, 7], [3, 4, 2, 1, 7, 8, 6, 5], [5, 6, 8, 7, 2, 1, 3, 4], [8, 7, 6, 5, 3, 4, 1, 2]], "total_label": "4.8-4.0.2-4-4-4.1.1", "cc": [1, 1], "signature": "[0,2,4,4,4]", "label": "4.8-4.0.2-4-4-4", "genus": 4, "group": "[8,4]", "_id": {"$oid": "579ba68175d28e4971d3ee9d"}}]
[{"passport_label": "4.10-1.0.2-2-5-5.2", "gen_vectors": [[6, 10, 9, 8, 7, 1, 5, 4, 3, 2], [8, 7, 6, 10, 9, 3, 2, 1, 5, 4], [2, 3, 4, 5, 1, 7, 8, 9, 10, 6], [3, 4, 5, 1, 2, 8, 9, 10, 6, 7]], "total_label": "4.10-1.0.2-2-5-5.2.1", "cc": [2, 1], "label": "4.10-1.0.2-2-5-5", "genus": 4, "signature": "[0,2,2,5,5]", "group": "[10,1]", "_id": {"$oid": "579ba68275d28e4971d3ee9e"}}, {"passport_label": "4.10-1.0.2-2-5-5.2", "gen_vectors": [[6, 10, 9, 8, 7, 1, 5, 4, 3, 2], [10, 9, 8, 7, 6, 5, 4, 3, 2, 1], [5, 1, 2, 3, 4, 10, 6, 7, 8, 9], [3, 4, 5, 1, 2, 8, 9, 10, 6, 7]], "total_label": "4.10-1.0.2-2-5-5.2.2", "cc": [2, 2], "label": "4.10-1.0.2-2-5-5", "genus": 4, "signature": "[0,2,2,5,5]", "group": "[10,1]", "_id": {"$oid": "579ba68275d28e4971d3ee9f"}}, {"passport_label": "4.10-1.0.2-2-5-5.1", "gen_vectors": [[6, 10, 9, 8, 7, 1, 5, 4, 3, 2], [6, 10, 9, 8, 7, 1, 5, 4, 3, 2], [2, 3, 4, 5, 1, 7, 8, 9, 10, 6], [5, 1, 2, 3, 4, 10, 6, 7, 8, 9]], "total_label": "4.10-1.0.2-2-5-5.1.1", "cc": [1, 1], "label": "4.10-1.0.2-2-5-5", "genus": 4, "signature": "[0,2,2,5,5]", "group": "[10,1]", "_id": {"$oid": "579ba6b875d28e4971d3ef0e"}}, {"passport_label": "4.10-1.0.2-2-5-5.1", "gen_vectors": [[6, 10, 9, 8, 7, 1, 5, 4, 3, 2], [8, 7, 6, 10, 9, 3, 2, 1, 5, 4], [5, 1, 2, 3, 4, 10, 6, 7, 8, 9], [5, 1, 2, 3, 4, 10, 6, 7, 8, 9]], "total_label": "4.10-1.0.2-2-5-5.1.2", "cc": [1, 2], "label": "4.10-1.0.2-2-5-5", "genus": 4, "signature": "[0,2,2,5,5]", "group": "[10,1]", "_id": {"$oid": "579ba6b875d28e4971d3ef0f"}}, {"passport_label": "4.10-1.0.2-2-5-5.3", "gen_vectors": [[6, 10, 9, 8, 7, 1, 5, 4, 3, 2], [6, 10, 9, 8, 7, 1, 5, 4, 3, 2], [3, 4, 5, 1, 2, 8, 9, 10, 6, 7], [4, 5, 1, 2, 3, 9, 10, 6, 7, 8]], "total_label": "4.10-1.0.2-2-5-5.3.1", "cc": [3, 1], "label": "4.10-1.0.2-2-5-5", "genus": 4, "signature": "[0,2,2,5,5]", "group": "[10,1]", "_id": {"$oid": "579ba6b975d28e4971d3ef10"}}, {"passport_label": "4.10-1.0.2-2-5-5.3", "gen_vectors": [[6, 10, 9, 8, 7, 1, 5, 4, 3, 2], [10, 9, 8, 7, 6, 5, 4, 3, 2, 1], [4, 5, 1, 2, 3, 9, 10, 6, 7, 8], [4, 5, 1, 2, 3, 9, 10, 6, 7, 8]], "total_label": "4.10-1.0.2-2-5-5.3.2", "cc": [3, 2], "label": "4.10-1.0.2-2-5-5", "genus": 4, "signature": "[0,2,2,5,5]", "group": "[10,1]", "_id": {"$oid": "579ba6b975d28e4971d3ef11"}}]
[{"passport_label": "4.24-3.0.3-4-6.1", "gen_vectors": [[9, 10, 15, 16, 11, 12, 13, 14, 17, 18, 23, 24, 19, 20, 21, 22, 1, 2, 7, 8, 3, 4, 5, 6], [4, 3, 1, 2, 8, 7, 5, 6, 12, 11, 9, 10, 16, 15, 13, 14, 20, 19, 17, 18, 24, 23, 21, 22], [21, 22, 18, 17, 19, 20, 24, 23, 5, 6, 2, 1, 3, 4, 8, 7, 13, 14, 10, 9, 11, 12, 16, 15]], "total_label": "4.24-3.0.3-4-6.1.1", "cc": [1, 1], "signature": "[0,3,4,6]", "label": "4.24-3.0.3-4-6", "genus": 4, "group": "[24,3]", "_id": {"$oid": "579ba69675d28e4971d3eec8"}}, {"passport_label": "4.24-3.0.3-4-6.2", "gen_vectors": [[17, 18, 21, 22, 23, 24, 19, 20, 1, 2, 5, 6, 7, 8, 3, 4, 9, 10, 13, 14, 15, 16, 11, 12], [3, 4, 2, 1, 7, 8, 6, 5, 11, 12, 10, 9, 15, 16, 14, 13, 19, 20, 18, 17, 23, 24, 22, 21], [16, 15, 9, 10, 14, 13, 11, 12, 24, 23, 17, 18, 22, 21, 19, 20, 8, 7, 1, 2, 6, 5, 3, 4]], "total_label": "4.24-3.0.3-4-6.2.1", "cc": [2, 1], "signature": "[0,3,4,6]", "label": "4.24-3.0.3-4-6", "genus": 4, "group": "[24,3]", "_id": {"$oid": "579ba69675d28e4971d3eec9"}}]
[{"passport_label": "4.40-8.0.2-4-10.1", "gen_vectors": [[21, 25, 24, 23, 22, 26, 30, 29, 28, 27, 36, 40, 39, 38, 37, 31, 35, 34, 33, 32, 1, 5, 4, 3, 2, 6, 10, 9, 8, 7, 16, 20, 19, 18, 17, 11, 15, 14, 13, 12], [35, 34, 33, 32, 31, 40, 39, 38, 37, 36, 30, 29, 28, 27, 26, 25, 24, 23, 22, 21, 15, 14, 13, 12, 11, 20, 19, 18, 17, 16, 10, 9, 8, 7, 6, 5, 4, 3, 2, 1], [12, 13, 14, 15, 11, 17, 18, 19, 20, 16, 2, 3, 4, 5, 1, 7, 8, 9, 10, 6, 32, 33, 34, 35, 31, 37, 38, 39, 40, 36, 22, 23, 24, 25, 21, 27, 28, 29, 30, 26]], "total_label": "4.40-8.0.2-4-10.1.1", "cc": [1, 1], "signature": "[0,2,4,10]", "label": "4.40-8.0.2-4-10", "genus": 4, "group": "[40,8]", "_id": {"$oid": "579ba69d75d28e4971d3eed7"}}, {"passport_label": "4.40-8.0.2-4-10.2", "gen_vectors": [[21, 25, 24, 23, 22, 26, 30, 29, 28, 27, 36, 40, 39, 38, 37, 31, 35, 34, 33, 32, 1, 5, 4, 3, 2, 6, 10, 9, 8, 7, 16, 20, 19, 18, 17, 11, 15, 14, 13, 12], [33, 32, 31, 35, 34, 38, 37, 36, 40, 39, 28, 27, 26, 30, 29, 23, 22, 21, 25, 24, 13, 12, 11, 15, 14, 18, 17, 16, 20, 19, 8, 7, 6, 10, 9, 3, 2, 1, 5, 4], [14, 15, 11, 12, 13, 19, 20, 16, 17, 18, 4, 5, 1, 2, 3, 9, 10, 6, 7, 8, 34, 35, 31, 32, 33, 39, 40, 36, 37, 38, 24, 25, 21, 22, 23, 29, 30, 26, 27, 28]], "total_label": "4.40-8.0.2-4-10.2.1", "cc": [2, 1], "signature": "[0,2,4,10]", "label": "4.40-8.0.2-4-10", "genus": 4, "group": "[40,8]", "_id": {"$oid": "579ba69e75d28e4971d3eed8"}}, {"passport_label": "4.40-8.0.2-4-10.3", "gen_vectors": [[21, 25, 24, 23, 22, 26, 30, 29, 28, 27, 36, 40, 39, 38, 37, 31, 35, 34, 33, 32, 1, 5, 4, 3, 2, 6, 10, 9, 8, 7, 16, 20, 19, 18, 17, 11, 15, 14, 13, 12], [34, 33, 32, 31, 35, 39, 38, 37, 36, 40, 29, 28, 27, 26, 30, 24, 23, 22, 21, 25, 14, 13, 12, 11, 15, 19, 18, 17, 16, 20, 9, 8, 7, 6, 10, 4, 3, 2, 1, 5], [13, 14, 15, 11, 12, 18, 19, 20, 16, 17, 3, 4, 5, 1, 2, 8, 9, 10, 6, 7, 33, 34, 35, 31, 32, 38, 39, 40, 36, 37, 23, 24, 25, 21, 22, 28, 29, 30, 26, 27]], "total_label": "4.40-8.0.2-4-10.3.1", "cc": [3, 1], "signature": "[0,2,4,10]", "label": "4.40-8.0.2-4-10", "genus": 4, "group": "[40,8]", "_id": {"$oid": "579ba69e75d28e4971d3eed9"}}, {"passport_label": "4.40-8.0.2-4-10.4", "gen_vectors": [[21, 25, 24, 23, 22, 26, 30, 29, 28, 27, 36, 40, 39, 38, 37, 31, 35, 34, 33, 32, 1, 5, 4, 3, 2, 6, 10, 9, 8, 7, 16, 20, 19, 18, 17, 11, 15, 14, 13, 12], [32, 31, 35, 34, 33, 37, 36, 40, 39, 38, 27, 26, 30, 29, 28, 22, 21, 25, 24, 23, 12, 11, 15, 14, 13, 17, 16, 20, 19, 18, 7, 6, 10, 9, 8, 2, 1, 5, 4, 3], [15, 11, 12, 13, 14, 20, 16, 17, 18, 19, 5, 1, 2, 3, 4, 10, 6, 7, 8, 9, 35, 31, 32, 33, 34, 40, 36, 37, 38, 39, 25, 21, 22, 23, 24, 30, 26, 27, 28, 29]], "total_label": "4.40-8.0.2-4-10.4.1", "cc": [4, 1], "signature": "[0,2,4,10]", "label": "4.40-8.0.2-4-10", "genus": 4, "group": "[40,8]", "_id": {"$oid": "579ba69e75d28e4971d3eeda"}}]
[{"passport_label": "4.12-2.0.3-12-12.1", "gen_vectors": [[3, 4, 5, 6, 1, 2, 9, 10, 11, 12, 7, 8], [9, 10, 11, 12, 7, 8, 4, 3, 6, 5, 2, 1], [10, 9, 12, 11, 8, 7, 3, 4, 5, 6, 1, 2]], "total_label": "4.12-2.0.3-12-12.1.1", "cc": [1, 1], "label": "4.12-2.0.3-12-12", "genus": 4, "signature": "[0,3,12,12]", "group": "[12,2]", "_id": {"$oid": "579ba6bb75d28e4971d3ef16"}}, {"passport_label": "4.12-2.0.3-12-12.2", "gen_vectors": [[5, 6, 1, 2, 3, 4, 11, 12, 7, 8, 9, 10], [11, 12, 7, 8, 9, 10, 6, 5, 2, 1, 4, 3], [12, 11, 8, 7, 10, 9, 5, 6, 1, 2, 3, 4]], "total_label": "4.12-2.0.3-12-12.2.1", "cc": [2, 1], "label": "4.12-2.0.3-12-12", "genus": 4, "signature": "[0,3,12,12]", "group": "[12,2]", "_id": {"$oid": "579ba6bc75d28e4971d3ef17"}}]
[{"passport_label": "4.20-1.0.4-4-5.1", "gen_vectors": [[11, 15, 14, 13, 12, 16, 20, 19, 18, 17, 6, 10, 9, 8, 7, 1, 5, 4, 3, 2], [20, 19, 18, 17, 16, 15, 14, 13, 12, 11, 5, 4, 3, 2, 1, 10, 9, 8, 7, 6], [2, 3, 4, 5, 1, 7, 8, 9, 10, 6, 12, 13, 14, 15, 11, 17, 18, 19, 20, 16]], "total_label": "4.20-1.0.4-4-5.1.1", "cc": [1, 1], "label": "4.20-1.0.4-4-5", "genus": 4, "signature": "[0,4,4,5]", "group": "[20,1]", "_id": {"$oid": "579ba6d375d28e4971d3ef47"}}, {"passport_label": "4.20-1.0.4-4-5.2", "gen_vectors": [[11, 15, 14, 13, 12, 16, 20, 19, 18, 17, 6, 10, 9, 8, 7, 1, 5, 4, 3, 2], [18, 17, 16, 20, 19, 13, 12, 11, 15, 14, 3, 2, 1, 5, 4, 8, 7, 6, 10, 9], [4, 5, 1, 2, 3, 9, 10, 6, 7, 8, 14, 15, 11, 12, 13, 19, 20, 16, 17, 18]], "total_label": "4.20-1.0.4-4-5.2.1", "cc": [2, 1], "label": "4.20-1.0.4-4-5", "genus": 4, "signature": "[0,4,4,5]", "group": "[20,1]", "_id": {"$oid": "579ba6d475d28e4971d3ef48"}}]
[{"passport_label": "4.36-11.0.3-3-6.1", "gen_vectors": [[13, 16, 14, 15, 17, 20, 18, 19, 21, 24, 22, 23, 25, 28, 26, 27, 29, 32, 30, 31, 33, 36, 34, 35, 1, 4, 2, 3, 5, 8, 6, 7, 9, 12, 10, 11], [36, 34, 33, 35, 28, 26, 25, 27, 32, 30, 29, 31, 12, 10, 9, 11, 4, 2, 1, 3, 8, 6, 5, 7, 24, 22, 21, 23, 16, 14, 13, 15, 20, 18, 17, 19], [8, 7, 6, 5, 12, 11, 10, 9, 4, 3, 2, 1, 20, 19, 18, 17, 24, 23, 22, 21, 16, 15, 14, 13, 32, 31, 30, 29, 36, 35, 34, 33, 28, 27, 26, 25]], "total_label": "4.36-11.0.3-3-6.1.1", "cc": [1, 1], "label": "4.36-11.0.3-3-6", "genus": 4, "signature": "[0,3,3,6]", "group": "[36,11]", "_id": {"$oid": "579ba6db75d28e4971d3ef57"}}, {"passport_label": "4.36-11.0.3-3-6.2", "gen_vectors": [[13, 16, 14, 15, 17, 20, 18, 19, 21, 24, 22, 23, 25, 28, 26, 27, 29, 32, 30, 31, 33, 36, 34, 35, 1, 4, 2, 3, 5, 8, 6, 7, 9, 12, 10, 11], [32, 30, 29, 31, 36, 34, 33, 35, 28, 26, 25, 27, 8, 6, 5, 7, 12, 10, 9, 11, 4, 2, 1, 3, 20, 18, 17, 19, 24, 22, 21, 23, 16, 14, 13, 15], [12, 11, 10, 9, 4, 3, 2, 1, 8, 7, 6, 5, 24, 23, 22, 21, 16, 15, 14, 13, 20, 19, 18, 17, 36, 35, 34, 33, 28, 27, 26, 25, 32, 31, 30, 29]], "total_label": "4.36-11.0.3-3-6.2.1", "cc": [2, 1], "label": "4.36-11.0.3-3-6", "genus": 4, "signature": "[0,3,3,6]", "group": "[36,11]", "_id": {"$oid": "579ba6db75d28e4971d3ef58"}}, {"passport_label": "4.36-11.0.3-3-6.3", "gen_vectors": [[25, 27, 28, 26, 29, 31, 32, 30, 33, 35, 36, 34, 1, 3, 4, 2, 5, 7, 8, 6, 9, 11, 12, 10, 13, 15, 16, 14, 17, 19, 20, 18, 21, 23, 24, 22], [19, 18, 20, 17, 23, 22, 24, 21, 15, 14, 16, 13, 31, 30, 32, 29, 35, 34, 36, 33, 27, 26, 28, 25, 7, 6, 8, 5, 11, 10, 12, 9, 3, 2, 4, 1], [11, 12, 9, 10, 3, 4, 1, 2, 7, 8, 5, 6, 23, 24, 21, 22, 15, 16, 13, 14, 19, 20, 17, 18, 35, 36, 33, 34, 27, 28, 25, 26, 31, 32, 29, 30]], "total_label": "4.36-11.0.3-3-6.3.1", "cc": [3, 1], "label": "4.36-11.0.3-3-6", "genus": 4, "signature": "[0,3,3,6]", "group": "[36,11]", "_id": {"$oid": "579ba6dc75d28e4971d3ef59"}}, {"passport_label": "4.36-11.0.3-3-6.4", "gen_vectors": [[25, 27, 28, 26, 29, 31, 32, 30, 33, 35, 36, 34, 1, 3, 4, 2, 5, 7, 8, 6, 9, 11, 12, 10, 13, 15, 16, 14, 17, 19, 20, 18, 21, 23, 24, 22], [23, 22, 24, 21, 15, 14, 16, 13, 19, 18, 20, 17, 35, 34, 36, 33, 27, 26, 28, 25, 31, 30, 32, 29, 11, 10, 12, 9, 3, 2, 4, 1, 7, 6, 8, 5], [7, 8, 5, 6, 11, 12, 9, 10, 3, 4, 1, 2, 19, 20, 17, 18, 23, 24, 21, 22, 15, 16, 13, 14, 31, 32, 29, 30, 35, 36, 33, 34, 27, 28, 25, 26]], "total_label": "4.36-11.0.3-3-6.4.1", "cc": [4, 1], "label": "4.36-11.0.3-3-6", "genus": 4, "signature": "[0,3,3,6]", "group": "[36,11]", "_id": {"$oid": "579ba6dc75d28e4971d3ef5a"}}, {"passport_label": "4.36-11.0.3-3-6.5", "gen_vectors": [[17, 20, 18, 19, 21, 24, 22, 23, 13, 16, 14, 15, 29, 32, 30, 31, 33, 36, 34, 35, 25, 28, 26, 27, 5, 8, 6, 7, 9, 12, 10, 11, 1, 4, 2, 3], [32, 30, 29, 31, 36, 34, 33, 35, 28, 26, 25, 27, 8, 6, 5, 7, 12, 10, 9, 11, 4, 2, 1, 3, 20, 18, 17, 19, 24, 22, 21, 23, 16, 14, 13, 15], [8, 7, 6, 5, 12, 11, 10, 9, 4, 3, 2, 1, 20, 19, 18, 17, 24, 23, 22, 21, 16, 15, 14, 13, 32, 31, 30, 29, 36, 35, 34, 33, 28, 27, 26, 25]], "total_label": "4.36-11.0.3-3-6.5.1", "cc": [5, 1], "label": "4.36-11.0.3-3-6", "genus": 4, "signature": "[0,3,3,6]", "group": "[36,11]", "_id": {"$oid": "579ba6dd75d28e4971d3ef5b"}}, {"passport_label": "4.36-11.0.3-3-6.6", "gen_vectors": [[33, 35, 36, 34, 25, 27, 28, 26, 29, 31, 32, 30, 9, 11, 12, 10, 1, 3, 4, 2, 5, 7, 8, 6, 21, 23, 24, 22, 13, 15, 16, 14, 17, 19, 20, 18], [23, 22, 24, 21, 15, 14, 16, 13, 19, 18, 20, 17, 35, 34, 36, 33, 27, 26, 28, 25, 31, 30, 32, 29, 11, 10, 12, 9, 3, 2, 4, 1, 7, 6, 8, 5], [11, 12, 9, 10, 3, 4, 1, 2, 7, 8, 5, 6, 23, 24, 21, 22, 15, 16, 13, 14, 19, 20, 17, 18, 35, 36, 33, 34, 27, 28, 25, 26, 31, 32, 29, 30]], "total_label": "4.36-11.0.3-3-6.6.1", "cc": [6, 1], "label": "4.36-11.0.3-3-6", "genus": 4, "signature": "[0,3,3,6]", "group": "[36,11]", "_id": {"$oid": "579ba6dd75d28e4971d3ef5c"}}]
[{"passport_label": "5.6-2.0.2-3-3-3-6.1", "gen_vectors": [[4, 5, 6, 1, 2, 3], [2, 3, 1, 5, 6, 4], [2, 3, 1, 5, 6, 4], [3, 1, 2, 6, 4, 5], [6, 4, 5, 3, 1, 2]], "total_label": "5.6-2.0.2-3-3-3-6.1.1", "cc": [1, 1], "label": "5.6-2.0.2-3-3-3-6", "genus": 5, "signature": "[0,2,3,3,3,6]", "group": "[6,2]", "_id": {"$oid": "579bc79575d28e4971d3ef82"}}, {"passport_label": "5.6-2.0.2-3-3-3-6.2", "gen_vectors": [[4, 5, 6, 1, 2, 3], [2, 3, 1, 5, 6, 4], [3, 1, 2, 6, 4, 5], [3, 1, 2, 6, 4, 5], [5, 6, 4, 2, 3, 1]], "total_label": "5.6-2.0.2-3-3-3-6.2.1", "cc": [2, 1], "label": "5.6-2.0.2-3-3-3-6", "genus": 5, "signature": "[0,2,3,3,3,6]", "group": "[6,2]", "_id": {"$oid": "579bc79675d28e4971d3ef83"}}]
[{"passport_label": "5.8-2.0.2-2-2-4-4.1", "gen_vectors": [[2, 1, 4, 3, 6, 5, 8, 7], [2, 1, 4, 3, 6, 5, 8, 7], [3, 4, 1, 2, 7, 8, 5, 6], [5, 6, 7, 8, 2, 1, 4, 3], [8, 7, 6, 5, 3, 4, 1, 2]], "total_label": "5.8-2.0.2-2-2-4-4.1.1", "cc": [1, 1], "signature": "[0,2,2,2,4,4]", "label": "5.8-2.0.2-2-2-4-4", "genus": 5, "group": "[8,2]", "_id": {"$oid": "579bc7a075d28e4971d3ef99"}}, {"passport_label": "5.8-2.0.2-2-2-4-4.2", "gen_vectors": [[2, 1, 4, 3, 6, 5, 8, 7], [2, 1, 4, 3, 6, 5, 8, 7], [3, 4, 1, 2, 7, 8, 5, 6], [6, 5, 8, 7, 1, 2, 3, 4], [7, 8, 5, 6, 4, 3, 2, 1]], "total_label": "5.8-2.0.2-2-2-4-4.2.1", "cc": [2, 1], "signature": "[0,2,2,2,4,4]", "label": "5.8-2.0.2-2-2-4-4", "genus": 5, "group": "[8,2]", "_id": {"$oid": "579bc7a175d28e4971d3ef9a"}}, {"passport_label": "5.8-2.0.2-2-2-4-4.3", "gen_vectors": [[2, 1, 4, 3, 6, 5, 8, 7], [2, 1, 4, 3, 6, 5, 8, 7], [4, 3, 2, 1, 8, 7, 6, 5], [5, 6, 7, 8, 2, 1, 4, 3], [7, 8, 5, 6, 4, 3, 2, 1]], "total_label": "5.8-2.0.2-2-2-4-4.3.1", "cc": [3, 1], "signature": "[0,2,2,2,4,4]", "label": "5.8-2.0.2-2-2-4-4", "genus": 5, "group": "[8,2]", "_id": {"$oid": "579bc7a275d28e4971d3ef9b"}}, {"passport_label": "5.8-2.0.2-2-2-4-4.4", "gen_vectors": [[2, 1, 4, 3, 6, 5, 8, 7], [2, 1, 4, 3, 6, 5, 8, 7], [4, 3, 2, 1, 8, 7, 6, 5], [6, 5, 8, 7, 1, 2, 3, 4], [8, 7, 6, 5, 3, 4, 1, 2]], "total_label": "5.8-2.0.2-2-2-4-4.4.1", "cc": [4, 1], "signature": "[0,2,2,2,4,4]", "label": "5.8-2.0.2-2-2-4-4", "genus": 5, "group": "[8,2]", "_id": {"$oid": "579bc7a275d28e4971d3ef9c"}}, {"passport_label": "5.8-2.0.2-2-2-4-4.5", "gen_vectors": [[2, 1, 4, 3, 6, 5, 8, 7], [3, 4, 1, 2, 7, 8, 5, 6], [3, 4, 1, 2, 7, 8, 5, 6], [5, 6, 7, 8, 2, 1, 4, 3], [5, 6, 7, 8, 2, 1, 4, 3]], "total_label": "5.8-2.0.2-2-2-4-4.5.1", "cc": [5, 1], "label": "5.8-2.0.2-2-2-4-4", "genus": 5, "signature": "[0,2,2,2,4,4]", "group": "[8,2]", "_id": {"$oid": "579bc7a275d28e4971d3ef9d"}}, {"passport_label": "5.8-2.0.2-2-2-4-4.6", "gen_vectors": [[2, 1, 4, 3, 6, 5, 8, 7], [3, 4, 1, 2, 7, 8, 5, 6], [3, 4, 1, 2, 7, 8, 5, 6], [6, 5, 8, 7, 1, 2, 3, 4], [6, 5, 8, 7, 1, 2, 3, 4]], "total_label": "5.8-2.0.2-2-2-4-4.6.1", "cc": [6, 1], "label": "5.8-2.0.2-2-2-4-4", "genus": 5, "signature": "[0,2,2,2,4,4]", "group": "[8,2]", "_id": {"$oid": "579bc7a375d28e4971d3ef9e"}}, {"passport_label": "5.8-2.0.2-2-2-4-4.7", "gen_vectors": [[2, 1, 4, 3, 6, 5, 8, 7], [3, 4, 1, 2, 7, 8, 5, 6], [3, 4, 1, 2, 7, 8, 5, 6], [7, 8, 5, 6, 4, 3, 2, 1], [7, 8, 5, 6, 4, 3, 2, 1]], "total_label": "5.8-2.0.2-2-2-4-4.7.1", "cc": [7, 1], "label": "5.8-2.0.2-2-2-4-4", "genus": 5, "signature": "[0,2,2,2,4,4]", "group": "[8,2]", "_id": {"$oid": "579bc7a375d28e4971d3ef9f"}}, {"passport_label": "5.8-2.0.2-2-2-4-4.8", "gen_vectors": [[2, 1, 4, 3, 6, 5, 8, 7], [3, 4, 1, 2, 7, 8, 5, 6], [3, 4, 1, 2, 7, 8, 5, 6], [8, 7, 6, 5, 3, 4, 1, 2], [8, 7, 6, 5, 3, 4, 1, 2]], "total_label": "5.8-2.0.2-2-2-4-4.8.1", "cc": [8, 1], "label": "5.8-2.0.2-2-2-4-4", "genus": 5, "signature": "[0,2,2,2,4,4]", "group": "[8,2]", "_id": {"$oid": "579bc7a475d28e4971d3efa0"}}, {"passport_label": "5.8-2.0.2-2-2-4-4.9", "gen_vectors": [[2, 1, 4, 3, 6, 5, 8, 7], [3, 4, 1, 2, 7, 8, 5, 6], [4, 3, 2, 1, 8, 7, 6, 5], [5, 6, 7, 8, 2, 1, 4, 3], [6, 5, 8, 7, 1, 2, 3, 4]], "total_label": "5.8-2.0.2-2-2-4-4.9.1", "cc": [9, 1], "label": "5.8-2.0.2-2-2-4-4", "genus": 5, "signature": "[0,2,2,2,4,4]", "group": "[8,2]", "_id": {"$oid": "579bc7a575d28e4971d3efa1"}}, {"passport_label": "5.8-2.0.2-2-2-4-4.10", "gen_vectors": [[2, 1, 4, 3, 6, 5, 8, 7], [3, 4, 1, 2, 7, 8, 5, 6], [4, 3, 2, 1, 8, 7, 6, 5], [7, 8, 5, 6, 4, 3, 2, 1], [8, 7, 6, 5, 3, 4, 1, 2]], "total_label": "5.8-2.0.2-2-2-4-4.10.1", "cc": [10, 1], "label": "5.8-2.0.2-2-2-4-4", "genus": 5, "signature": "[0,2,2,2,4,4]", "group": "[8,2]", "_id": {"$oid": "579bc7a575d28e4971d3efa2"}}, {"passport_label": "5.8-2.0.2-2-2-4-4.11", "gen_vectors": [[2, 1, 4, 3, 6, 5, 8, 7], [4, 3, 2, 1, 8, 7, 6, 5], [4, 3, 2, 1, 8, 7, 6, 5], [5, 6, 7, 8, 2, 1, 4, 3], [5, 6, 7, 8, 2, 1, 4, 3]], "total_label": "5.8-2.0.2-2-2-4-4.11.1", "cc": [11, 1], "label": "5.8-2.0.2-2-2-4-4", "genus": 5, "signature": "[0,2,2,2,4,4]", "group": "[8,2]", "_id": {"$oid": "579bc7a675d28e4971d3efa3"}}, {"passport_label": "5.8-2.0.2-2-2-4-4.12", "gen_vectors": [[2, 1, 4, 3, 6, 5, 8, 7], [4, 3, 2, 1, 8, 7, 6, 5], [4, 3, 2, 1, 8, 7, 6, 5], [6, 5, 8, 7, 1, 2, 3, 4], [6, 5, 8, 7, 1, 2, 3, 4]], "total_label": "5.8-2.0.2-2-2-4-4.12.1", "cc": [12, 1], "label": "5.8-2.0.2-2-2-4-4", "genus": 5, "signature": "[0,2,2,2,4,4]", "group": "[8,2]", "_id": {"$oid": "579bc7a675d28e4971d3efa4"}}, {"passport_label": "5.8-2.0.2-2-2-4-4.13", "gen_vectors": [[2, 1, 4, 3, 6, 5, 8, 7], [4, 3, 2, 1, 8, 7, 6, 5], [4, 3, 2, 1, 8, 7, 6, 5], [7, 8, 5, 6, 4, 3, 2, 1], [7, 8, 5, 6, 4, 3, 2, 1]], "total_label": "5.8-2.0.2-2-2-4-4.13.1", "cc": [13, 1], "label": "5.8-2.0.2-2-2-4-4", "genus": 5, "signature": "[0,2,2,2,4,4]", "group": "[8,2]", "_id": {"$oid": "579bc7a775d28e4971d3efa5"}}, {"passport_label": "5.8-2.0.2-2-2-4-4.14", "gen_vectors": [[2, 1, 4, 3, 6, 5, 8, 7], [4, 3, 2, 1, 8, 7, 6, 5], [4, 3, 2, 1, 8, 7, 6, 5], [8, 7, 6, 5, 3, 4, 1, 2], [8, 7, 6, 5, 3, 4, 1, 2]], "total_label": "5.8-2.0.2-2-2-4-4.14.1", "cc": [14, 1], "label": "5.8-2.0.2-2-2-4-4", "genus": 5, "signature": "[0,2,2,2,4,4]", "group": "[8,2]", "_id": {"$oid": "579bc7a775d28e4971d3efa6"}}, {"passport_label": "5.8-2.0.2-2-2-4-4.15", "gen_vectors": [[3, 4, 1, 2, 7, 8, 5, 6], [3, 4, 1, 2, 7, 8, 5, 6], [3, 4, 1, 2, 7, 8, 5, 6], [5, 6, 7, 8, 2, 1, 4, 3], [8, 7, 6, 5, 3, 4, 1, 2]], "total_label": "5.8-2.0.2-2-2-4-4.15.1", "cc": [15, 1], "signature": "[0,2,2,2,4,4]", "label": "5.8-2.0.2-2-2-4-4", "genus": 5, "group": "[8,2]", "_id": {"$oid": "579bc7a875d28e4971d3efa7"}}, {"passport_label": "5.8-2.0.2-2-2-4-4.16", "gen_vectors": [[3, 4, 1, 2, 7, 8, 5, 6], [3, 4, 1, 2, 7, 8, 5, 6], [3, 4, 1, 2, 7, 8, 5, 6], [6, 5, 8, 7, 1, 2, 3, 4], [7, 8, 5, 6, 4, 3, 2, 1]], "total_label": "5.8-2.0.2-2-2-4-4.16.1", "cc": [16, 1], "signature": "[0,2,2,2,4,4]", "label": "5.8-2.0.2-2-2-4-4", "genus": 5, "group": "[8,2]", "_id": {"$oid": "579bc7a875d28e4971d3efa8"}}, {"passport_label": "5.8-2.0.2-2-2-4-4.17", "gen_vectors": [[3, 4, 1, 2, 7, 8, 5, 6], [3, 4, 1, 2, 7, 8, 5, 6], [4, 3, 2, 1, 8, 7, 6, 5], [5, 6, 7, 8, 2, 1, 4, 3], [7, 8, 5, 6, 4, 3, 2, 1]], "total_label": "5.8-2.0.2-2-2-4-4.17.1", "cc": [17, 1], "label": "5.8-2.0.2-2-2-4-4", "genus": 5, "signature": "[0,2,2,2,4,4]", "group": "[8,2]", "_id": {"$oid": "579bc7a975d28e4971d3efa9"}}, {"passport_label": "5.8-2.0.2-2-2-4-4.18", "gen_vectors": [[3, 4, 1, 2, 7, 8, 5, 6], [3, 4, 1, 2, 7, 8, 5, 6], [4, 3, 2, 1, 8, 7, 6, 5], [6, 5, 8, 7, 1, 2, 3, 4], [8, 7, 6, 5, 3, 4, 1, 2]], "total_label": "5.8-2.0.2-2-2-4-4.18.1", "cc": [18, 1], "label": "5.8-2.0.2-2-2-4-4", "genus": 5, "signature": "[0,2,2,2,4,4]", "group": "[8,2]", "_id": {"$oid": "579bc7a975d28e4971d3efaa"}}, {"passport_label": "5.8-2.0.2-2-2-4-4.19", "gen_vectors": [[3, 4, 1, 2, 7, 8, 5, 6], [4, 3, 2, 1, 8, 7, 6, 5], [4, 3, 2, 1, 8, 7, 6, 5], [5, 6, 7, 8, 2, 1, 4, 3], [8, 7, 6, 5, 3, 4, 1, 2]], "total_label": "5.8-2.0.2-2-2-4-4.19.1", "cc": [19, 1], "label": "5.8-2.0.2-2-2-4-4", "genus": 5, "signature": "[0,2,2,2,4,4]", "group": "[8,2]", "_id": {"$oid": "579bc7a975d28e4971d3efab"}}, {"passport_label": "5.8-2.0.2-2-2-4-4.20", "gen_vectors": [[3, 4, 1, 2, 7, 8, 5, 6], [4, 3, 2, 1, 8, 7, 6, 5], [4, 3, 2, 1, 8, 7, 6, 5], [6, 5, 8, 7, 1, 2, 3, 4], [7, 8, 5, 6, 4, 3, 2, 1]], "total_label": "5.8-2.0.2-2-2-4-4.20.1", "cc": [20, 1], "label": "5.8-2.0.2-2-2-4-4", "genus": 5, "signature": "[0,2,2,2,4,4]", "group": "[8,2]", "_id": {"$oid": "579bc7aa75d28e4971d3efac"}}, {"passport_label": "5.8-2.0.2-2-2-4-4.21", "gen_vectors": [[4, 3, 2, 1, 8, 7, 6, 5], [4, 3, 2, 1, 8, 7, 6, 5], [4, 3, 2, 1, 8, 7, 6, 5], [5, 6, 7, 8, 2, 1, 4, 3], [7, 8, 5, 6, 4, 3, 2, 1]], "total_label": "5.8-2.0.2-2-2-4-4.21.1", "cc": [21, 1], "signature": "[0,2,2,2,4,4]", "label": "5.8-2.0.2-2-2-4-4", "genus": 5, "group": "[8,2]", "_id": {"$oid": "579bc7ab75d28e4971d3efad"}}, {"passport_label": "5.8-2.0.2-2-2-4-4.22", "gen_vectors": [[4, 3, 2, 1, 8, 7, 6, 5], [4, 3, 2, 1, 8, 7, 6, 5], [4, 3, 2, 1, 8, 7, 6, 5], [6, 5, 8, 7, 1, 2, 3, 4], [8, 7, 6, 5, 3, 4, 1, 2]], "total_label": "5.8-2.0.2-2-2-4-4.22.1", "cc": [22, 1], "signature": "[0,2,2,2,4,4]", "label": "5.8-2.0.2-2-2-4-4", "genus": 5, "group": "[8,2]", "_id": {"$oid": "579bc7ab75d28e4971d3efae"}}]
[{"passport_label": "5.32-43.0.2-2-2-4.1", "gen_vectors": [[9, 10, 12, 11, 13, 14, 16, 15, 1, 2, 4, 3, 5, 6, 8, 7, 25, 26, 28, 27, 29, 30, 32, 31, 17, 18, 20, 19, 21, 22, 24, 23], [13, 14, 16, 15, 9, 10, 12, 11, 5, 6, 8, 7, 1, 2, 4, 3, 29, 30, 32, 31, 25, 26, 28, 27, 21, 22, 24, 23, 17, 18, 20, 19], [17, 18, 20, 19, 22, 21, 23, 24, 27, 28, 25, 26, 32, 31, 30, 29, 1, 2, 4, 3, 6, 5, 7, 8, 11, 12, 9, 10, 16, 15, 14, 13], [21, 22, 24, 23, 18, 17, 19, 20, 31, 32, 29, 30, 28, 27, 26, 25, 5, 6, 8, 7, 2, 1, 3, 4, 15, 16, 13, 14, 12, 11, 10, 9]], "total_label": "5.32-43.0.2-2-2-4.1.1", "cc": [1, 1], "label": "5.32-43.0.2-2-2-4", "genus": 5, "signature": "[0,2,2,2,4]", "group": "[32,43]", "_id": {"$oid": "579bc88d75d28e4971d3f172"}}, {"passport_label": "5.32-43.0.2-2-2-4.1", "gen_vectors": [[9, 10, 12, 11, 13, 14, 16, 15, 1, 2, 4, 3, 5, 6, 8, 7, 25, 26, 28, 27, 29, 30, 32, 31, 17, 18, 20, 19, 21, 22, 24, 23], [14, 13, 15, 16, 10, 9, 11, 12, 6, 5, 7, 8, 2, 1, 3, 4, 30, 29, 31, 32, 26, 25, 27, 28, 22, 21, 23, 24, 18, 17, 19, 20], [17, 18, 20, 19, 22, 21, 23, 24, 27, 28, 25, 26, 32, 31, 30, 29, 1, 2, 4, 3, 6, 5, 7, 8, 11, 12, 9, 10, 16, 15, 14, 13], [22, 21, 23, 24, 17, 18, 20, 19, 32, 31, 30, 29, 27, 28, 25, 26, 6, 5, 7, 8, 1, 2, 4, 3, 16, 15, 14, 13, 11, 12, 9, 10]], "total_label": "5.32-43.0.2-2-2-4.1.2", "cc": [1, 2], "label": "5.32-43.0.2-2-2-4", "genus": 5, "signature": "[0,2,2,2,4]", "group": "[32,43]", "_id": {"$oid": "579bc88d75d28e4971d3f173"}}, {"passport_label": "5.32-43.0.2-2-2-4.1", "gen_vectors": [[9, 10, 12, 11, 13, 14, 16, 15, 1, 2, 4, 3, 5, 6, 8, 7, 25, 26, 28, 27, 29, 30, 32, 31, 17, 18, 20, 19, 21, 22, 24, 23], [16, 15, 14, 13, 12, 11, 10, 9, 8, 7, 6, 5, 4, 3, 2, 1, 32, 31, 30, 29, 28, 27, 26, 25, 24, 23, 22, 21, 20, 19, 18, 17], [17, 18, 20, 19, 22, 21, 23, 24, 27, 28, 25, 26, 32, 31, 30, 29, 1, 2, 4, 3, 6, 5, 7, 8, 11, 12, 9, 10, 16, 15, 14, 13], [23, 24, 21, 22, 20, 19, 18, 17, 30, 29, 31, 32, 25, 26, 28, 27, 7, 8, 5, 6, 4, 3, 2, 1, 14, 13, 15, 16, 9, 10, 12, 11]], "total_label": "5.32-43.0.2-2-2-4.1.3", "cc": [1, 3], "label": "5.32-43.0.2-2-2-4", "genus": 5, "signature": "[0,2,2,2,4]", "group": "[32,43]", "_id": {"$oid": "579bc88e75d28e4971d3f174"}}, {"passport_label": "5.32-43.0.2-2-2-4.1", "gen_vectors": [[9, 10, 12, 11, 13, 14, 16, 15, 1, 2, 4, 3, 5, 6, 8, 7, 25, 26, 28, 27, 29, 30, 32, 31, 17, 18, 20, 19, 21, 22, 24, 23], [16, 15, 14, 13, 12, 11, 10, 9, 8, 7, 6, 5, 4, 3, 2, 1, 32, 31, 30, 29, 28, 27, 26, 25, 24, 23, 22, 21, 20, 19, 18, 17], [20, 19, 18, 17, 23, 24, 21, 22, 25, 26, 28, 27, 30, 29, 31, 32, 4, 3, 2, 1, 7, 8, 5, 6, 9, 10, 12, 11, 14, 13, 15, 16], [21, 22, 24, 23, 18, 17, 19, 20, 31, 32, 29, 30, 28, 27, 26, 25, 5, 6, 8, 7, 2, 1, 3, 4, 15, 16, 13, 14, 12, 11, 10, 9]], "total_label": "5.32-43.0.2-2-2-4.1.4", "cc": [1, 4], "label": "5.32-43.0.2-2-2-4", "genus": 5, "signature": "[0,2,2,2,4]", "group": "[32,43]", "_id": {"$oid": "579bc88e75d28e4971d3f175"}}]
[{"passport_label": "5.48-30.0.3-4-4.1", "gen_vectors": [[5, 8, 6, 7, 9, 12, 10, 11, 1, 4, 2, 3, 17, 20, 18, 19, 21, 24, 22, 23, 13, 16, 14, 15, 29, 32, 30, 31, 33, 36, 34, 35, 25, 28, 26, 27, 41, 44, 42, 43, 45, 48, 46, 47, 37, 40, 38, 39], [28, 26, 27, 25, 36, 34, 35, 33, 32, 30, 31, 29, 40, 38, 39, 37, 48, 46, 47, 45, 44, 42, 43, 41, 16, 14, 15, 13, 24, 22, 23, 21, 20, 18, 19, 17, 4, 2, 3, 1, 12, 10, 11, 9, 8, 6, 7, 5], [46, 47, 48, 45, 42, 43, 44, 41, 38, 39, 40, 37, 34, 35, 36, 33, 30, 31, 32, 29, 26, 27, 28, 25, 10, 11, 12, 9, 6, 7, 8, 5, 2, 3, 4, 1, 22, 23, 24, 21, 18, 19, 20, 17, 14, 15, 16, 13]], "total_label": "5.48-30.0.3-4-4.1.1", "cc": [1, 1], "signature": "[0,3,4,4]", "label": "5.48-30.0.3-4-4", "genus": 5, "group": "[48,30]", "_id": {"$oid": "579bc89375d28e4971d3f17e"}}, {"passport_label": "5.48-30.0.3-4-4.2", "gen_vectors": [[5, 8, 6, 7, 9, 12, 10, 11, 1, 4, 2, 3, 17, 20, 18, 19, 21, 24, 22, 23, 13, 16, 14, 15, 29, 32, 30, 31, 33, 36, 34, 35, 25, 28, 26, 27, 41, 44, 42, 43, 45, 48, 46, 47, 37, 40, 38, 39], [40, 38, 39, 37, 48, 46, 47, 45, 44, 42, 43, 41, 28, 26, 27, 25, 36, 34, 35, 33, 32, 30, 31, 29, 4, 2, 3, 1, 12, 10, 11, 9, 8, 6, 7, 5, 16, 14, 15, 13, 24, 22, 23, 21, 20, 18, 19, 17], [34, 35, 36, 33, 30, 31, 32, 29, 26, 27, 28, 25, 46, 47, 48, 45, 42, 43, 44, 41, 38, 39, 40, 37, 22, 23, 24, 21, 18, 19, 20, 17, 14, 15, 16, 13, 10, 11, 12, 9, 6, 7, 8, 5, 2, 3, 4, 1]], "total_label": "5.48-30.0.3-4-4.2.1", "cc": [2, 1], "signature": "[0,3,4,4]", "label": "5.48-30.0.3-4-4", "genus": 5, "group": "[48,30]", "_id": {"$oid": "579bc89375d28e4971d3f17f"}}, {"passport_label": "5.48-30.0.3-4-4.3", "gen_vectors": [[5, 8, 6, 7, 9, 12, 10, 11, 1, 4, 2, 3, 17, 20, 18, 19, 21, 24, 22, 23, 13, 16, 14, 15, 29, 32, 30, 31, 33, 36, 34, 35, 25, 28, 26, 27, 41, 44, 42, 43, 45, 48, 46, 47, 37, 40, 38, 39], [26, 28, 25, 27, 34, 36, 33, 35, 30, 32, 29, 31, 38, 40, 37, 39, 46, 48, 45, 47, 42, 44, 41, 43, 14, 16, 13, 15, 22, 24, 21, 23, 18, 20, 17, 19, 2, 4, 1, 3, 10, 12, 9, 11, 6, 8, 5, 7], [48, 45, 46, 47, 44, 41, 42, 43, 40, 37, 38, 39, 36, 33, 34, 35, 32, 29, 30, 31, 28, 25, 26, 27, 12, 9, 10, 11, 8, 5, 6, 7, 4, 1, 2, 3, 24, 21, 22, 23, 20, 17, 18, 19, 16, 13, 14, 15]], "total_label": "5.48-30.0.3-4-4.3.1", "cc": [3, 1], "label": "5.48-30.0.3-4-4", "genus": 5, "signature": "[0,3,4,4]", "group": "[48,30]", "_id": {"$oid": "579bc90675d28e4971d3f263"}}]
[{"passport_label": "5.48-48.0.2-2-2-3.1", "gen_vectors": [[14, 13, 16, 15, 18, 17, 20, 19, 22, 21, 24, 23, 2, 1, 4, 3, 6, 5, 8, 7, 10, 9, 12, 11, 38, 37, 40, 39, 42, 41, 44, 43, 46, 45, 48, 47, 26, 25, 28, 27, 30, 29, 32, 31, 34, 33, 36, 35], [25, 27, 26, 28, 33, 35, 34, 36, 29, 31, 30, 32, 37, 39, 38, 40, 45, 47, 46, 48, 41, 43, 42, 44, 1, 3, 2, 4, 9, 11, 10, 12, 5, 7, 6, 8, 13, 15, 14, 16, 21, 23, 22, 24, 17, 19, 18, 20], [45, 48, 47, 46, 41, 44, 43, 42, 37, 40, 39, 38, 33, 36, 35, 34, 29, 32, 31, 30, 25, 28, 27, 26, 21, 24, 23, 22, 17, 20, 19, 18, 13, 16, 15, 14, 9, 12, 11, 10, 5, 8, 7, 6, 1, 4, 3, 2], [6, 7, 5, 8, 10, 11, 9, 12, 2, 3, 1, 4, 18, 19, 17, 20, 22, 23, 21, 24, 14, 15, 13, 16, 30, 31, 29, 32, 34, 35, 33, 36, 26, 27, 25, 28, 42, 43, 41, 44, 46, 47, 45, 48, 38, 39, 37, 40]], "total_label": "5.48-48.0.2-2-2-3.1.1", "cc": [1, 1], "label": "5.48-48.0.2-2-2-3", "genus": 5, "signature": "[0,2,2,2,3]", "group": "[48,48]", "_id": {"$oid": "579bc89875d28e4971d3f188"}}, {"passport_label": "5.48-48.0.2-2-2-3.1", "gen_vectors": [[14, 13, 16, 15, 18, 17, 20, 19, 22, 21, 24, 23, 2, 1, 4, 3, 6, 5, 8, 7, 10, 9, 12, 11, 38, 37, 40, 39, 42, 41, 44, 43, 46, 45, 48, 47, 26, 25, 28, 27, 30, 29, 32, 31, 34, 33, 36, 35], [25, 27, 26, 28, 33, 35, 34, 36, 29, 31, 30, 32, 37, 39, 38, 40, 45, 47, 46, 48, 41, 43, 42, 44, 1, 3, 2, 4, 9, 11, 10, 12, 5, 7, 6, 8, 13, 15, 14, 16, 21, 23, 22, 24, 17, 19, 18, 20], [41, 42, 44, 43, 37, 38, 40, 39, 45, 46, 48, 47, 29, 30, 32, 31, 25, 26, 28, 27, 33, 34, 36, 35, 17, 18, 20, 19, 13, 14, 16, 15, 21, 22, 24, 23, 5, 6, 8, 7, 1, 2, 4, 3, 9, 10, 12, 11], [10, 12, 11, 9, 2, 4, 3, 1, 6, 8, 7, 5, 22, 24, 23, 21, 14, 16, 15, 13, 18, 20, 19, 17, 34, 36, 35, 33, 26, 28, 27, 25, 30, 32, 31, 29, 46, 48, 47, 45, 38, 40, 39, 37, 42, 44, 43, 41]], "total_label": "5.48-48.0.2-2-2-3.1.2", "cc": [1, 2], "label": "5.48-48.0.2-2-2-3", "genus": 5, "signature": "[0,2,2,2,3]", "group": "[48,48]", "_id": {"$oid": "579bc89875d28e4971d3f189"}}, {"passport_label": "5.48-48.0.2-2-2-3.1", "gen_vectors": [[14, 13, 16, 15, 18, 17, 20, 19, 22, 21, 24, 23, 2, 1, 4, 3, 6, 5, 8, 7, 10, 9, 12, 11, 38, 37, 40, 39, 42, 41, 44, 43, 46, 45, 48, 47, 26, 25, 28, 27, 30, 29, 32, 31, 34, 33, 36, 35], [29, 30, 32, 31, 25, 26, 28, 27, 33, 34, 36, 35, 41, 42, 44, 43, 37, 38, 40, 39, 45, 46, 48, 47, 5, 6, 8, 7, 1, 2, 4, 3, 9, 10, 12, 11, 17, 18, 20, 19, 13, 14, 16, 15, 21, 22, 24, 23], [37, 39, 38, 40, 45, 47, 46, 48, 41, 43, 42, 44, 25, 27, 26, 28, 33, 35, 34, 36, 29, 31, 30, 32, 13, 15, 14, 16, 21, 23, 22, 24, 17, 19, 18, 20, 1, 3, 2, 4, 9, 11, 10, 12, 5, 7, 6, 8], [6, 7, 5, 8, 10, 11, 9, 12, 2, 3, 1, 4, 18, 19, 17, 20, 22, 23, 21, 24, 14, 15, 13, 16, 30, 31, 29, 32, 34, 35, 33, 36, 26, 27, 25, 28, 42, 43, 41, 44, 46, 47, 45, 48, 38, 39, 37, 40]], "total_label": "5.48-48.0.2-2-2-3.1.3", "cc": [1, 3], "label": "5.48-48.0.2-2-2-3", "genus": 5, "signature": "[0,2,2,2,3]", "group": "[48,48]", "_id": {"$oid": "579bc89975d28e4971d3f18a"}}]
