[{"passport_label": "11.23-1.0.23-23-23.88", "gen_vectors": [[16, 17, 18, 19, 20, 21, 22, 23, 1, 2, 3, 4, 5, 6, 7, 8, 9, 10, 11, 12, 13, 14, 15], [16, 17, 18, 19, 20, 21, 22, 23, 1, 2, 3, 4, 5, 6, 7, 8, 9, 10, 11, 12, 13, 14, 15], [17, 18, 19, 20, 21, 22, 23, 1, 2, 3, 4, 5, 6, 7, 8, 9, 10, 11, 12, 13, 14, 15, 16]], "total_label": "11.23-1.0.23-23-23.88.1", "cc": [88, 1], "label": "11.23-1.0.23-23-23", "genus": 11, "signature": "[0,23,23,23]", "group": "[23,1]", "_id": {"$oid": "5941a8ce3fce4a500fb39dd7"}}, {"passport_label": "11.23-1.0.23-23-23.87", "gen_vectors": [[15, 16, 17, 18, 19, 20, 21, 22, 23, 1, 2, 3, 4, 5, 6, 7, 8, 9, 10, 11, 12, 13, 14], [17, 18, 19, 20, 21, 22, 23, 1, 2, 3, 4, 5, 6, 7, 8, 9, 10, 11, 12, 13, 14, 15, 16], [17, 18, 19, 20, 21, 22, 23, 1, 2, 3, 4, 5, 6, 7, 8, 9, 10, 11, 12, 13, 14, 15, 16]], "total_label": "11.23-1.0.23-23-23.87.1", "cc": [87, 1], "label": "11.23-1.0.23-23-23", "genus": 11, "signature": "[0,23,23,23]", "group": "[23,1]", "_id": {"$oid": "5941a8cd3fce4a500fb39dd6"}}, {"passport_label": "11.23-1.0.23-23-23.85", "gen_vectors": [[15, 16, 17, 18, 19, 20, 21, 22, 23, 1, 2, 3, 4, 5, 6, 7, 8, 9, 10, 11, 12, 13, 14], [15, 16, 17, 18, 19, 20, 21, 22, 23, 1, 2, 3, 4, 5, 6, 7, 8, 9, 10, 11, 12, 13, 14], [19, 20, 21, 22, 23, 1, 2, 3, 4, 5, 6, 7, 8, 9, 10, 11, 12, 13, 14, 15, 16, 17, 18]], "total_label": "11.23-1.0.23-23-23.85.1", "cc": [85, 1], "label": "11.23-1.0.23-23-23", "genus": 11, "signature": "[0,23,23,23]", "group": "[23,1]", "_id": {"$oid": "5941a8cd3fce4a500fb39dd5"}}, {"passport_label": "11.23-1.0.23-23-23.81", "gen_vectors": [[14, 15, 16, 17, 18, 19, 20, 21, 22, 23, 1, 2, 3, 4, 5, 6, 7, 8, 9, 10, 11, 12, 13], [14, 15, 16, 17, 18, 19, 20, 21, 22, 23, 1, 2, 3, 4, 5, 6, 7, 8, 9, 10, 11, 12, 13], [21, 22, 23, 1, 2, 3, 4, 5, 6, 7, 8, 9, 10, 11, 12, 13, 14, 15, 16, 17, 18, 19, 20]], "total_label": "11.23-1.0.23-23-23.81.1", "cc": [81, 1], "label": "11.23-1.0.23-23-23", "genus": 11, "signature": "[0,23,23,23]", "group": "[23,1]", "_id": {"$oid": "5941a8cc3fce4a500fb39dd4"}}, {"passport_label": "11.23-1.0.23-23-23.80", "gen_vectors": [[13, 14, 15, 16, 17, 18, 19, 20, 21, 22, 23, 1, 2, 3, 4, 5, 6, 7, 8, 9, 10, 11, 12], [18, 19, 20, 21, 22, 23, 1, 2, 3, 4, 5, 6, 7, 8, 9, 10, 11, 12, 13, 14, 15, 16, 17], [18, 19, 20, 21, 22, 23, 1, 2, 3, 4, 5, 6, 7, 8, 9, 10, 11, 12, 13, 14, 15, 16, 17]], "total_label": "11.23-1.0.23-23-23.80.1", "cc": [80, 1], "label": "11.23-1.0.23-23-23", "genus": 11, "signature": "[0,23,23,23]", "group": "[23,1]", "_id": {"$oid": "5941a8cc3fce4a500fb39dd3"}}, {"passport_label": "11.23-1.0.23-23-23.75", "gen_vectors": [[13, 14, 15, 16, 17, 18, 19, 20, 21, 22, 23, 1, 2, 3, 4, 5, 6, 7, 8, 9, 10, 11, 12], [13, 14, 15, 16, 17, 18, 19, 20, 21, 22, 23, 1, 2, 3, 4, 5, 6, 7, 8, 9, 10, 11, 12], [23, 1, 2, 3, 4, 5, 6, 7, 8, 9, 10, 11, 12, 13, 14, 15, 16, 17, 18, 19, 20, 21, 22]], "total_label": "11.23-1.0.23-23-23.75.1", "cc": [75, 1], "label": "11.23-1.0.23-23-23", "genus": 11, "signature": "[0,23,23,23]", "group": "[23,1]", "_id": {"$oid": "5941a8cb3fce4a500fb39dd2"}}, {"passport_label": "11.23-1.0.23-23-23.69", "gen_vectors": [[11, 12, 13, 14, 15, 16, 17, 18, 19, 20, 21, 22, 23, 1, 2, 3, 4, 5, 6, 7, 8, 9, 10], [19, 20, 21, 22, 23, 1, 2, 3, 4, 5, 6, 7, 8, 9, 10, 11, 12, 13, 14, 15, 16, 17, 18], [19, 20, 21, 22, 23, 1, 2, 3, 4, 5, 6, 7, 8, 9, 10, 11, 12, 13, 14, 15, 16, 17, 18]], "total_label": "11.23-1.0.23-23-23.69.1", "cc": [69, 1], "label": "11.23-1.0.23-23-23", "genus": 11, "signature": "[0,23,23,23]", "group": "[23,1]", "_id": {"$oid": "5941a8ca3fce4a500fb39dd1"}}, {"passport_label": "11.23-1.0.23-23-23.60", "gen_vectors": [[9, 10, 11, 12, 13, 14, 15, 16, 17, 18, 19, 20, 21, 22, 23, 1, 2, 3, 4, 5, 6, 7, 8], [20, 21, 22, 23, 1, 2, 3, 4, 5, 6, 7, 8, 9, 10, 11, 12, 13, 14, 15, 16, 17, 18, 19], [20, 21, 22, 23, 1, 2, 3, 4, 5, 6, 7, 8, 9, 10, 11, 12, 13, 14, 15, 16, 17, 18, 19]], "total_label": "11.23-1.0.23-23-23.60.1", "cc": [60, 1], "label": "11.23-1.0.23-23-23", "genus": 11, "signature": "[0,23,23,23]", "group": "[23,1]", "_id": {"$oid": "5941a8ca3fce4a500fb39dd0"}}, {"passport_label": "11.23-1.0.23-23-23.53", "gen_vectors": [[8, 9, 10, 11, 12, 13, 14, 15, 16, 17, 18, 19, 20, 21, 22, 23, 1, 2, 3, 4, 5, 6, 7], [9, 10, 11, 12, 13, 14, 15, 16, 17, 18, 19, 20, 21, 22, 23, 1, 2, 3, 4, 5, 6, 7, 8], [9, 10, 11, 12, 13, 14, 15, 16, 17, 18, 19, 20, 21, 22, 23, 1, 2, 3, 4, 5, 6, 7, 8]], "total_label": "11.23-1.0.23-23-23.53.1", "cc": [53, 1], "label": "11.23-1.0.23-23-23", "genus": 11, "signature": "[0,23,23,23]", "group": "[23,1]", "_id": {"$oid": "5941a8c93fce4a500fb39dcf"}}, {"passport_label": "11.23-1.0.23-23-23.52", "gen_vectors": [[8, 9, 10, 11, 12, 13, 14, 15, 16, 17, 18, 19, 20, 21, 22, 23, 1, 2, 3, 4, 5, 6, 7], [8, 9, 10, 11, 12, 13, 14, 15, 16, 17, 18, 19, 20, 21, 22, 23, 1, 2, 3, 4, 5, 6, 7], [10, 11, 12, 13, 14, 15, 16, 17, 18, 19, 20, 21, 22, 23, 1, 2, 3, 4, 5, 6, 7, 8, 9]], "total_label": "11.23-1.0.23-23-23.52.1", "cc": [52, 1], "label": "11.23-1.0.23-23-23", "genus": 11, "signature": "[0,23,23,23]", "group": "[23,1]", "_id": {"$oid": "5941a8c83fce4a500fb39dce"}}, {"passport_label": "11.23-1.0.23-23-23.51", "gen_vectors": [[7, 8, 9, 10, 11, 12, 13, 14, 15, 16, 17, 18, 19, 20, 21, 22, 23, 1, 2, 3, 4, 5, 6], [21, 22, 23, 1, 2, 3, 4, 5, 6, 7, 8, 9, 10, 11, 12, 13, 14, 15, 16, 17, 18, 19, 20], [21, 22, 23, 1, 2, 3, 4, 5, 6, 7, 8, 9, 10, 11, 12, 13, 14, 15, 16, 17, 18, 19, 20]], "total_label": "11.23-1.0.23-23-23.51.1", "cc": [51, 1], "label": "11.23-1.0.23-23-23", "genus": 11, "signature": "[0,23,23,23]", "group": "[23,1]", "_id": {"$oid": "5941a8c83fce4a500fb39dcd"}}, {"passport_label": "11.23-1.0.23-23-23.46", "gen_vectors": [[7, 8, 9, 10, 11, 12, 13, 14, 15, 16, 17, 18, 19, 20, 21, 22, 23, 1, 2, 3, 4, 5, 6], [7, 8, 9, 10, 11, 12, 13, 14, 15, 16, 17, 18, 19, 20, 21, 22, 23, 1, 2, 3, 4, 5, 6], [12, 13, 14, 15, 16, 17, 18, 19, 20, 21, 22, 23, 1, 2, 3, 4, 5, 6, 7, 8, 9, 10, 11]], "total_label": "11.23-1.0.23-23-23.46.1", "cc": [46, 1], "label": "11.23-1.0.23-23-23", "genus": 11, "signature": "[0,23,23,23]", "group": "[23,1]", "_id": {"$oid": "5941a8c73fce4a500fb39dcc"}}, {"passport_label": "11.23-1.0.23-23-23.43", "gen_vectors": [[6, 7, 8, 9, 10, 11, 12, 13, 14, 15, 16, 17, 18, 19, 20, 21, 22, 23, 1, 2, 3, 4, 5], [10, 11, 12, 13, 14, 15, 16, 17, 18, 19, 20, 21, 22, 23, 1, 2, 3, 4, 5, 6, 7, 8, 9], [10, 11, 12, 13, 14, 15, 16, 17, 18, 19, 20, 21, 22, 23, 1, 2, 3, 4, 5, 6, 7, 8, 9]], "total_label": "11.23-1.0.23-23-23.43.1", "cc": [43, 1], "label": "11.23-1.0.23-23-23", "genus": 11, "signature": "[0,23,23,23]", "group": "[23,1]", "_id": {"$oid": "5941a8c73fce4a500fb39dcb"}}, {"passport_label": "11.23-1.0.23-23-23.39", "gen_vectors": [[6, 7, 8, 9, 10, 11, 12, 13, 14, 15, 16, 17, 18, 19, 20, 21, 22, 23, 1, 2, 3, 4, 5], [6, 7, 8, 9, 10, 11, 12, 13, 14, 15, 16, 17, 18, 19, 20, 21, 22, 23, 1, 2, 3, 4, 5], [14, 15, 16, 17, 18, 19, 20, 21, 22, 23, 1, 2, 3, 4, 5, 6, 7, 8, 9, 10, 11, 12, 13]], "total_label": "11.23-1.0.23-23-23.39.1", "cc": [39, 1], "label": "11.23-1.0.23-23-23", "genus": 11, "signature": "[0,23,23,23]", "group": "[23,1]", "_id": {"$oid": "5941a8c63fce4a500fb39dca"}}, {"passport_label": "11.23-1.0.23-23-23.38", "gen_vectors": [[5, 6, 7, 8, 9, 10, 11, 12, 13, 14, 15, 16, 17, 18, 19, 20, 21, 22, 23, 1, 2, 3, 4], [22, 23, 1, 2, 3, 4, 5, 6, 7, 8, 9, 10, 11, 12, 13, 14, 15, 16, 17, 18, 19, 20, 21], [22, 23, 1, 2, 3, 4, 5, 6, 7, 8, 9, 10, 11, 12, 13, 14, 15, 16, 17, 18, 19, 20, 21]], "total_label": "11.23-1.0.23-23-23.38.1", "cc": [38, 1], "label": "11.23-1.0.23-23-23", "genus": 11, "signature": "[0,23,23,23]", "group": "[23,1]", "_id": {"$oid": "5941a8c63fce4a500fb39dc9"}}, {"passport_label": "11.23-1.0.23-23-23.31", "gen_vectors": [[5, 6, 7, 8, 9, 10, 11, 12, 13, 14, 15, 16, 17, 18, 19, 20, 21, 22, 23, 1, 2, 3, 4], [5, 6, 7, 8, 9, 10, 11, 12, 13, 14, 15, 16, 17, 18, 19, 20, 21, 22, 23, 1, 2, 3, 4], [16, 17, 18, 19, 20, 21, 22, 23, 1, 2, 3, 4, 5, 6, 7, 8, 9, 10, 11, 12, 13, 14, 15]], "total_label": "11.23-1.0.23-23-23.31.1", "cc": [31, 1], "label": "11.23-1.0.23-23-23", "genus": 11, "signature": "[0,23,23,23]", "group": "[23,1]", "_id": {"$oid": "5941a8c53fce4a500fb39dc8"}}, {"passport_label": "11.23-1.0.23-23-23.29", "gen_vectors": [[4, 5, 6, 7, 8, 9, 10, 11, 12, 13, 14, 15, 16, 17, 18, 19, 20, 21, 22, 23, 1, 2, 3], [11, 12, 13, 14, 15, 16, 17, 18, 19, 20, 21, 22, 23, 1, 2, 3, 4, 5, 6, 7, 8, 9, 10], [11, 12, 13, 14, 15, 16, 17, 18, 19, 20, 21, 22, 23, 1, 2, 3, 4, 5, 6, 7, 8, 9, 10]], "total_label": "11.23-1.0.23-23-23.29.1", "cc": [29, 1], "label": "11.23-1.0.23-23-23", "genus": 11, "signature": "[0,23,23,23]", "group": "[23,1]", "_id": {"$oid": "5941a8c53fce4a500fb39dc7"}}, {"passport_label": "11.23-1.0.23-23-23.22", "gen_vectors": [[4, 5, 6, 7, 8, 9, 10, 11, 12, 13, 14, 15, 16, 17, 18, 19, 20, 21, 22, 23, 1, 2, 3], [4, 5, 6, 7, 8, 9, 10, 11, 12, 13, 14, 15, 16, 17, 18, 19, 20, 21, 22, 23, 1, 2, 3], [18, 19, 20, 21, 22, 23, 1, 2, 3, 4, 5, 6, 7, 8, 9, 10, 11, 12, 13, 14, 15, 16, 17]], "total_label": "11.23-1.0.23-23-23.22.1", "cc": [22, 1], "label": "11.23-1.0.23-23-23", "genus": 11, "signature": "[0,23,23,23]", "group": "[23,1]", "_id": {"$oid": "5941a8c43fce4a500fb39dc6"}}, {"passport_label": "11.23-1.0.23-23-23.21", "gen_vectors": [[3, 4, 5, 6, 7, 8, 9, 10, 11, 12, 13, 14, 15, 16, 17, 18, 19, 20, 21, 22, 23, 1, 2], [23, 1, 2, 3, 4, 5, 6, 7, 8, 9, 10, 11, 12, 13, 14, 15, 16, 17, 18, 19, 20, 21, 22], [23, 1, 2, 3, 4, 5, 6, 7, 8, 9, 10, 11, 12, 13, 14, 15, 16, 17, 18, 19, 20, 21, 22]], "total_label": "11.23-1.0.23-23-23.21.1", "cc": [21, 1], "label": "11.23-1.0.23-23-23", "genus": 11, "signature": "[0,23,23,23]", "group": "[23,1]", "_id": {"$oid": "5941a8c43fce4a500fb39dc5"}}, {"passport_label": "11.23-1.0.23-23-23.12", "gen_vectors": [[3, 4, 5, 6, 7, 8, 9, 10, 11, 12, 13, 14, 15, 16, 17, 18, 19, 20, 21, 22, 23, 1, 2], [3, 4, 5, 6, 7, 8, 9, 10, 11, 12, 13, 14, 15, 16, 17, 18, 19, 20, 21, 22, 23, 1, 2], [20, 21, 22, 23, 1, 2, 3, 4, 5, 6, 7, 8, 9, 10, 11, 12, 13, 14, 15, 16, 17, 18, 19]], "total_label": "11.23-1.0.23-23-23.12.1", "cc": [12, 1], "label": "11.23-1.0.23-23-23", "genus": 11, "signature": "[0,23,23,23]", "group": "[23,1]", "_id": {"$oid": "5941a8c33fce4a500fb39dc4"}}, {"passport_label": "11.23-1.0.23-23-23.11", "gen_vectors": [[2, 3, 4, 5, 6, 7, 8, 9, 10, 11, 12, 13, 14, 15, 16, 17, 18, 19, 20, 21, 22, 23, 1], [12, 13, 14, 15, 16, 17, 18, 19, 20, 21, 22, 23, 1, 2, 3, 4, 5, 6, 7, 8, 9, 10, 11], [12, 13, 14, 15, 16, 17, 18, 19, 20, 21, 22, 23, 1, 2, 3, 4, 5, 6, 7, 8, 9, 10, 11]], "total_label": "11.23-1.0.23-23-23.11.1", "cc": [11, 1], "label": "11.23-1.0.23-23-23", "genus": 11, "signature": "[0,23,23,23]", "group": "[23,1]", "_id": {"$oid": "5941a8c33fce4a500fb39dc3"}}, {"passport_label": "11.23-1.0.23-23-23.1", "gen_vectors": [[2, 3, 4, 5, 6, 7, 8, 9, 10, 11, 12, 13, 14, 15, 16, 17, 18, 19, 20, 21, 22, 23, 1], [2, 3, 4, 5, 6, 7, 8, 9, 10, 11, 12, 13, 14, 15, 16, 17, 18, 19, 20, 21, 22, 23, 1], [22, 23, 1, 2, 3, 4, 5, 6, 7, 8, 9, 10, 11, 12, 13, 14, 15, 16, 17, 18, 19, 20, 21]], "total_label": "11.23-1.0.23-23-23.1.1", "cc": [1, 1], "label": "11.23-1.0.23-23-23", "genus": 11, "signature": "[0,23,23,23]", "group": "[23,1]", "_id": {"$oid": "5941a8c23fce4a500fb39dc2"}}, {"passport_label": "11.23-1.0.23-23-23.86", "gen_vectors": [[15, 16, 17, 18, 19, 20, 21, 22, 23, 1, 2, 3, 4, 5, 6, 7, 8, 9, 10, 11, 12, 13, 14], [16, 17, 18, 19, 20, 21, 22, 23, 1, 2, 3, 4, 5, 6, 7, 8, 9, 10, 11, 12, 13, 14, 15], [18, 19, 20, 21, 22, 23, 1, 2, 3, 4, 5, 6, 7, 8, 9, 10, 11, 12, 13, 14, 15, 16, 17]], "total_label": "11.23-1.0.23-23-23.86.1", "cc": [86, 1], "label": "11.23-1.0.23-23-23", "genus": 11, "signature": "[0,23,23,23]", "group": "[23,1]", "_id": {"$oid": "5941a7893fce4a500fb39b8d"}}, {"passport_label": "11.23-1.0.23-23-23.84", "gen_vectors": [[14, 15, 16, 17, 18, 19, 20, 21, 22, 23, 1, 2, 3, 4, 5, 6, 7, 8, 9, 10, 11, 12, 13], [17, 18, 19, 20, 21, 22, 23, 1, 2, 3, 4, 5, 6, 7, 8, 9, 10, 11, 12, 13, 14, 15, 16], [18, 19, 20, 21, 22, 23, 1, 2, 3, 4, 5, 6, 7, 8, 9, 10, 11, 12, 13, 14, 15, 16, 17]], "total_label": "11.23-1.0.23-23-23.84.1", "cc": [84, 1], "label": "11.23-1.0.23-23-23", "genus": 11, "signature": "[0,23,23,23]", "group": "[23,1]", "_id": {"$oid": "5941a7883fce4a500fb39b8c"}}, {"passport_label": "11.23-1.0.23-23-23.83", "gen_vectors": [[14, 15, 16, 17, 18, 19, 20, 21, 22, 23, 1, 2, 3, 4, 5, 6, 7, 8, 9, 10, 11, 12, 13], [16, 17, 18, 19, 20, 21, 22, 23, 1, 2, 3, 4, 5, 6, 7, 8, 9, 10, 11, 12, 13, 14, 15], [19, 20, 21, 22, 23, 1, 2, 3, 4, 5, 6, 7, 8, 9, 10, 11, 12, 13, 14, 15, 16, 17, 18]], "total_label": "11.23-1.0.23-23-23.83.1", "cc": [83, 1], "label": "11.23-1.0.23-23-23", "genus": 11, "signature": "[0,23,23,23]", "group": "[23,1]", "_id": {"$oid": "5941a7883fce4a500fb39b8b"}}, {"passport_label": "11.23-1.0.23-23-23.82", "gen_vectors": [[14, 15, 16, 17, 18, 19, 20, 21, 22, 23, 1, 2, 3, 4, 5, 6, 7, 8, 9, 10, 11, 12, 13], [15, 16, 17, 18, 19, 20, 21, 22, 23, 1, 2, 3, 4, 5, 6, 7, 8, 9, 10, 11, 12, 13, 14], [20, 21, 22, 23, 1, 2, 3, 4, 5, 6, 7, 8, 9, 10, 11, 12, 13, 14, 15, 16, 17, 18, 19]], "total_label": "11.23-1.0.23-23-23.82.1", "cc": [82, 1], "label": "11.23-1.0.23-23-23", "genus": 11, "signature": "[0,23,23,23]", "group": "[23,1]", "_id": {"$oid": "5941a7873fce4a500fb39b8a"}}, {"passport_label": "11.23-1.0.23-23-23.79", "gen_vectors": [[13, 14, 15, 16, 17, 18, 19, 20, 21, 22, 23, 1, 2, 3, 4, 5, 6, 7, 8, 9, 10, 11, 12], [17, 18, 19, 20, 21, 22, 23, 1, 2, 3, 4, 5, 6, 7, 8, 9, 10, 11, 12, 13, 14, 15, 16], [19, 20, 21, 22, 23, 1, 2, 3, 4, 5, 6, 7, 8, 9, 10, 11, 12, 13, 14, 15, 16, 17, 18]], "total_label": "11.23-1.0.23-23-23.79.1", "cc": [79, 1], "label": "11.23-1.0.23-23-23", "genus": 11, "signature": "[0,23,23,23]", "group": "[23,1]", "_id": {"$oid": "5941a7873fce4a500fb39b89"}}, {"passport_label": "11.23-1.0.23-23-23.78", "gen_vectors": [[13, 14, 15, 16, 17, 18, 19, 20, 21, 22, 23, 1, 2, 3, 4, 5, 6, 7, 8, 9, 10, 11, 12], [16, 17, 18, 19, 20, 21, 22, 23, 1, 2, 3, 4, 5, 6, 7, 8, 9, 10, 11, 12, 13, 14, 15], [20, 21, 22, 23, 1, 2, 3, 4, 5, 6, 7, 8, 9, 10, 11, 12, 13, 14, 15, 16, 17, 18, 19]], "total_label": "11.23-1.0.23-23-23.78.1", "cc": [78, 1], "label": "11.23-1.0.23-23-23", "genus": 11, "signature": "[0,23,23,23]", "group": "[23,1]", "_id": {"$oid": "5941a7863fce4a500fb39b88"}}, {"passport_label": "11.23-1.0.23-23-23.77", "gen_vectors": [[13, 14, 15, 16, 17, 18, 19, 20, 21, 22, 23, 1, 2, 3, 4, 5, 6, 7, 8, 9, 10, 11, 12], [15, 16, 17, 18, 19, 20, 21, 22, 23, 1, 2, 3, 4, 5, 6, 7, 8, 9, 10, 11, 12, 13, 14], [21, 22, 23, 1, 2, 3, 4, 5, 6, 7, 8, 9, 10, 11, 12, 13, 14, 15, 16, 17, 18, 19, 20]], "total_label": "11.23-1.0.23-23-23.77.1", "cc": [77, 1], "label": "11.23-1.0.23-23-23", "genus": 11, "signature": "[0,23,23,23]", "group": "[23,1]", "_id": {"$oid": "5941a7863fce4a500fb39b87"}}, {"passport_label": "11.23-1.0.23-23-23.76", "gen_vectors": [[13, 14, 15, 16, 17, 18, 19, 20, 21, 22, 23, 1, 2, 3, 4, 5, 6, 7, 8, 9, 10, 11, 12], [14, 15, 16, 17, 18, 19, 20, 21, 22, 23, 1, 2, 3, 4, 5, 6, 7, 8, 9, 10, 11, 12, 13], [22, 23, 1, 2, 3, 4, 5, 6, 7, 8, 9, 10, 11, 12, 13, 14, 15, 16, 17, 18, 19, 20, 21]], "total_label": "11.23-1.0.23-23-23.76.1", "cc": [76, 1], "label": "11.23-1.0.23-23-23", "genus": 11, "signature": "[0,23,23,23]", "group": "[23,1]", "_id": {"$oid": "5941a7853fce4a500fb39b86"}}, {"passport_label": "11.23-1.0.23-23-23.74", "gen_vectors": [[12, 13, 14, 15, 16, 17, 18, 19, 20, 21, 22, 23, 1, 2, 3, 4, 5, 6, 7, 8, 9, 10, 11], [18, 19, 20, 21, 22, 23, 1, 2, 3, 4, 5, 6, 7, 8, 9, 10, 11, 12, 13, 14, 15, 16, 17], [19, 20, 21, 22, 23, 1, 2, 3, 4, 5, 6, 7, 8, 9, 10, 11, 12, 13, 14, 15, 16, 17, 18]], "total_label": "11.23-1.0.23-23-23.74.1", "cc": [74, 1], "label": "11.23-1.0.23-23-23", "genus": 11, "signature": "[0,23,23,23]", "group": "[23,1]", "_id": {"$oid": "5941a7843fce4a500fb39b85"}}, {"passport_label": "11.23-1.0.23-23-23.73", "gen_vectors": [[12, 13, 14, 15, 16, 17, 18, 19, 20, 21, 22, 23, 1, 2, 3, 4, 5, 6, 7, 8, 9, 10, 11], [17, 18, 19, 20, 21, 22, 23, 1, 2, 3, 4, 5, 6, 7, 8, 9, 10, 11, 12, 13, 14, 15, 16], [20, 21, 22, 23, 1, 2, 3, 4, 5, 6, 7, 8, 9, 10, 11, 12, 13, 14, 15, 16, 17, 18, 19]], "total_label": "11.23-1.0.23-23-23.73.1", "cc": [73, 1], "label": "11.23-1.0.23-23-23", "genus": 11, "signature": "[0,23,23,23]", "group": "[23,1]", "_id": {"$oid": "5941a7843fce4a500fb39b84"}}, {"passport_label": "11.23-1.0.23-23-23.72", "gen_vectors": [[12, 13, 14, 15, 16, 17, 18, 19, 20, 21, 22, 23, 1, 2, 3, 4, 5, 6, 7, 8, 9, 10, 11], [16, 17, 18, 19, 20, 21, 22, 23, 1, 2, 3, 4, 5, 6, 7, 8, 9, 10, 11, 12, 13, 14, 15], [21, 22, 23, 1, 2, 3, 4, 5, 6, 7, 8, 9, 10, 11, 12, 13, 14, 15, 16, 17, 18, 19, 20]], "total_label": "11.23-1.0.23-23-23.72.1", "cc": [72, 1], "label": "11.23-1.0.23-23-23", "genus": 11, "signature": "[0,23,23,23]", "group": "[23,1]", "_id": {"$oid": "5941a7833fce4a500fb39b83"}}, {"passport_label": "11.23-1.0.23-23-23.71", "gen_vectors": [[12, 13, 14, 15, 16, 17, 18, 19, 20, 21, 22, 23, 1, 2, 3, 4, 5, 6, 7, 8, 9, 10, 11], [15, 16, 17, 18, 19, 20, 21, 22, 23, 1, 2, 3, 4, 5, 6, 7, 8, 9, 10, 11, 12, 13, 14], [22, 23, 1, 2, 3, 4, 5, 6, 7, 8, 9, 10, 11, 12, 13, 14, 15, 16, 17, 18, 19, 20, 21]], "total_label": "11.23-1.0.23-23-23.71.1", "cc": [71, 1], "label": "11.23-1.0.23-23-23", "genus": 11, "signature": "[0,23,23,23]", "group": "[23,1]", "_id": {"$oid": "5941a7833fce4a500fb39b82"}}, {"passport_label": "11.23-1.0.23-23-23.70", "gen_vectors": [[12, 13, 14, 15, 16, 17, 18, 19, 20, 21, 22, 23, 1, 2, 3, 4, 5, 6, 7, 8, 9, 10, 11], [14, 15, 16, 17, 18, 19, 20, 21, 22, 23, 1, 2, 3, 4, 5, 6, 7, 8, 9, 10, 11, 12, 13], [23, 1, 2, 3, 4, 5, 6, 7, 8, 9, 10, 11, 12, 13, 14, 15, 16, 17, 18, 19, 20, 21, 22]], "total_label": "11.23-1.0.23-23-23.70.1", "cc": [70, 1], "label": "11.23-1.0.23-23-23", "genus": 11, "signature": "[0,23,23,23]", "group": "[23,1]", "_id": {"$oid": "5941a7823fce4a500fb39b81"}}, {"passport_label": "11.23-1.0.23-23-23.68", "gen_vectors": [[11, 12, 13, 14, 15, 16, 17, 18, 19, 20, 21, 22, 23, 1, 2, 3, 4, 5, 6, 7, 8, 9, 10], [18, 19, 20, 21, 22, 23, 1, 2, 3, 4, 5, 6, 7, 8, 9, 10, 11, 12, 13, 14, 15, 16, 17], [20, 21, 22, 23, 1, 2, 3, 4, 5, 6, 7, 8, 9, 10, 11, 12, 13, 14, 15, 16, 17, 18, 19]], "total_label": "11.23-1.0.23-23-23.68.1", "cc": [68, 1], "label": "11.23-1.0.23-23-23", "genus": 11, "signature": "[0,23,23,23]", "group": "[23,1]", "_id": {"$oid": "5941a7813fce4a500fb39b80"}}, {"passport_label": "11.23-1.0.23-23-23.67", "gen_vectors": [[11, 12, 13, 14, 15, 16, 17, 18, 19, 20, 21, 22, 23, 1, 2, 3, 4, 5, 6, 7, 8, 9, 10], [17, 18, 19, 20, 21, 22, 23, 1, 2, 3, 4, 5, 6, 7, 8, 9, 10, 11, 12, 13, 14, 15, 16], [21, 22, 23, 1, 2, 3, 4, 5, 6, 7, 8, 9, 10, 11, 12, 13, 14, 15, 16, 17, 18, 19, 20]], "total_label": "11.23-1.0.23-23-23.67.1", "cc": [67, 1], "label": "11.23-1.0.23-23-23", "genus": 11, "signature": "[0,23,23,23]", "group": "[23,1]", "_id": {"$oid": "5941a7813fce4a500fb39b7f"}}, {"passport_label": "11.23-1.0.23-23-23.66", "gen_vectors": [[11, 12, 13, 14, 15, 16, 17, 18, 19, 20, 21, 22, 23, 1, 2, 3, 4, 5, 6, 7, 8, 9, 10], [16, 17, 18, 19, 20, 21, 22, 23, 1, 2, 3, 4, 5, 6, 7, 8, 9, 10, 11, 12, 13, 14, 15], [22, 23, 1, 2, 3, 4, 5, 6, 7, 8, 9, 10, 11, 12, 13, 14, 15, 16, 17, 18, 19, 20, 21]], "total_label": "11.23-1.0.23-23-23.66.1", "cc": [66, 1], "label": "11.23-1.0.23-23-23", "genus": 11, "signature": "[0,23,23,23]", "group": "[23,1]", "_id": {"$oid": "5941a7803fce4a500fb39b7e"}}, {"passport_label": "11.23-1.0.23-23-23.65", "gen_vectors": [[11, 12, 13, 14, 15, 16, 17, 18, 19, 20, 21, 22, 23, 1, 2, 3, 4, 5, 6, 7, 8, 9, 10], [15, 16, 17, 18, 19, 20, 21, 22, 23, 1, 2, 3, 4, 5, 6, 7, 8, 9, 10, 11, 12, 13, 14], [23, 1, 2, 3, 4, 5, 6, 7, 8, 9, 10, 11, 12, 13, 14, 15, 16, 17, 18, 19, 20, 21, 22]], "total_label": "11.23-1.0.23-23-23.65.1", "cc": [65, 1], "label": "11.23-1.0.23-23-23", "genus": 11, "signature": "[0,23,23,23]", "group": "[23,1]", "_id": {"$oid": "5941a7803fce4a500fb39b7d"}}, {"passport_label": "11.23-1.0.23-23-23.64", "gen_vectors": [[10, 11, 12, 13, 14, 15, 16, 17, 18, 19, 20, 21, 22, 23, 1, 2, 3, 4, 5, 6, 7, 8, 9], [19, 20, 21, 22, 23, 1, 2, 3, 4, 5, 6, 7, 8, 9, 10, 11, 12, 13, 14, 15, 16, 17, 18], [20, 21, 22, 23, 1, 2, 3, 4, 5, 6, 7, 8, 9, 10, 11, 12, 13, 14, 15, 16, 17, 18, 19]], "total_label": "11.23-1.0.23-23-23.64.1", "cc": [64, 1], "label": "11.23-1.0.23-23-23", "genus": 11, "signature": "[0,23,23,23]", "group": "[23,1]", "_id": {"$oid": "5941a7803fce4a500fb39b7c"}}, {"passport_label": "11.23-1.0.23-23-23.63", "gen_vectors": [[10, 11, 12, 13, 14, 15, 16, 17, 18, 19, 20, 21, 22, 23, 1, 2, 3, 4, 5, 6, 7, 8, 9], [18, 19, 20, 21, 22, 23, 1, 2, 3, 4, 5, 6, 7, 8, 9, 10, 11, 12, 13, 14, 15, 16, 17], [21, 22, 23, 1, 2, 3, 4, 5, 6, 7, 8, 9, 10, 11, 12, 13, 14, 15, 16, 17, 18, 19, 20]], "total_label": "11.23-1.0.23-23-23.63.1", "cc": [63, 1], "label": "11.23-1.0.23-23-23", "genus": 11, "signature": "[0,23,23,23]", "group": "[23,1]", "_id": {"$oid": "5941a77f3fce4a500fb39b7b"}}, {"passport_label": "11.23-1.0.23-23-23.62", "gen_vectors": [[10, 11, 12, 13, 14, 15, 16, 17, 18, 19, 20, 21, 22, 23, 1, 2, 3, 4, 5, 6, 7, 8, 9], [17, 18, 19, 20, 21, 22, 23, 1, 2, 3, 4, 5, 6, 7, 8, 9, 10, 11, 12, 13, 14, 15, 16], [22, 23, 1, 2, 3, 4, 5, 6, 7, 8, 9, 10, 11, 12, 13, 14, 15, 16, 17, 18, 19, 20, 21]], "total_label": "11.23-1.0.23-23-23.62.1", "cc": [62, 1], "label": "11.23-1.0.23-23-23", "genus": 11, "signature": "[0,23,23,23]", "group": "[23,1]", "_id": {"$oid": "5941a77e3fce4a500fb39b7a"}}, {"passport_label": "11.23-1.0.23-23-23.61", "gen_vectors": [[10, 11, 12, 13, 14, 15, 16, 17, 18, 19, 20, 21, 22, 23, 1, 2, 3, 4, 5, 6, 7, 8, 9], [16, 17, 18, 19, 20, 21, 22, 23, 1, 2, 3, 4, 5, 6, 7, 8, 9, 10, 11, 12, 13, 14, 15], [23, 1, 2, 3, 4, 5, 6, 7, 8, 9, 10, 11, 12, 13, 14, 15, 16, 17, 18, 19, 20, 21, 22]], "total_label": "11.23-1.0.23-23-23.61.1", "cc": [61, 1], "label": "11.23-1.0.23-23-23", "genus": 11, "signature": "[0,23,23,23]", "group": "[23,1]", "_id": {"$oid": "5941a77e3fce4a500fb39b79"}}, {"passport_label": "11.23-1.0.23-23-23.59", "gen_vectors": [[9, 10, 11, 12, 13, 14, 15, 16, 17, 18, 19, 20, 21, 22, 23, 1, 2, 3, 4, 5, 6, 7, 8], [19, 20, 21, 22, 23, 1, 2, 3, 4, 5, 6, 7, 8, 9, 10, 11, 12, 13, 14, 15, 16, 17, 18], [21, 22, 23, 1, 2, 3, 4, 5, 6, 7, 8, 9, 10, 11, 12, 13, 14, 15, 16, 17, 18, 19, 20]], "total_label": "11.23-1.0.23-23-23.59.1", "cc": [59, 1], "label": "11.23-1.0.23-23-23", "genus": 11, "signature": "[0,23,23,23]", "group": "[23,1]", "_id": {"$oid": "5941a77d3fce4a500fb39b78"}}, {"passport_label": "11.23-1.0.23-23-23.58", "gen_vectors": [[9, 10, 11, 12, 13, 14, 15, 16, 17, 18, 19, 20, 21, 22, 23, 1, 2, 3, 4, 5, 6, 7, 8], [18, 19, 20, 21, 22, 23, 1, 2, 3, 4, 5, 6, 7, 8, 9, 10, 11, 12, 13, 14, 15, 16, 17], [22, 23, 1, 2, 3, 4, 5, 6, 7, 8, 9, 10, 11, 12, 13, 14, 15, 16, 17, 18, 19, 20, 21]], "total_label": "11.23-1.0.23-23-23.58.1", "cc": [58, 1], "label": "11.23-1.0.23-23-23", "genus": 11, "signature": "[0,23,23,23]", "group": "[23,1]", "_id": {"$oid": "5941a77d3fce4a500fb39b77"}}, {"passport_label": "11.23-1.0.23-23-23.57", "gen_vectors": [[9, 10, 11, 12, 13, 14, 15, 16, 17, 18, 19, 20, 21, 22, 23, 1, 2, 3, 4, 5, 6, 7, 8], [17, 18, 19, 20, 21, 22, 23, 1, 2, 3, 4, 5, 6, 7, 8, 9, 10, 11, 12, 13, 14, 15, 16], [23, 1, 2, 3, 4, 5, 6, 7, 8, 9, 10, 11, 12, 13, 14, 15, 16, 17, 18, 19, 20, 21, 22]], "total_label": "11.23-1.0.23-23-23.57.1", "cc": [57, 1], "label": "11.23-1.0.23-23-23", "genus": 11, "signature": "[0,23,23,23]", "group": "[23,1]", "_id": {"$oid": "5941a77c3fce4a500fb39b76"}}, {"passport_label": "11.23-1.0.23-23-23.56", "gen_vectors": [[8, 9, 10, 11, 12, 13, 14, 15, 16, 17, 18, 19, 20, 21, 22, 23, 1, 2, 3, 4, 5, 6, 7], [20, 21, 22, 23, 1, 2, 3, 4, 5, 6, 7, 8, 9, 10, 11, 12, 13, 14, 15, 16, 17, 18, 19], [21, 22, 23, 1, 2, 3, 4, 5, 6, 7, 8, 9, 10, 11, 12, 13, 14, 15, 16, 17, 18, 19, 20]], "total_label": "11.23-1.0.23-23-23.56.1", "cc": [56, 1], "label": "11.23-1.0.23-23-23", "genus": 11, "signature": "[0,23,23,23]", "group": "[23,1]", "_id": {"$oid": "5941a77c3fce4a500fb39b75"}}, {"passport_label": "11.23-1.0.23-23-23.55", "gen_vectors": [[8, 9, 10, 11, 12, 13, 14, 15, 16, 17, 18, 19, 20, 21, 22, 23, 1, 2, 3, 4, 5, 6, 7], [19, 20, 21, 22, 23, 1, 2, 3, 4, 5, 6, 7, 8, 9, 10, 11, 12, 13, 14, 15, 16, 17, 18], [22, 23, 1, 2, 3, 4, 5, 6, 7, 8, 9, 10, 11, 12, 13, 14, 15, 16, 17, 18, 19, 20, 21]], "total_label": "11.23-1.0.23-23-23.55.1", "cc": [55, 1], "label": "11.23-1.0.23-23-23", "genus": 11, "signature": "[0,23,23,23]", "group": "[23,1]", "_id": {"$oid": "5941a77b3fce4a500fb39b74"}}, {"passport_label": "11.23-1.0.23-23-23.54", "gen_vectors": [[8, 9, 10, 11, 12, 13, 14, 15, 16, 17, 18, 19, 20, 21, 22, 23, 1, 2, 3, 4, 5, 6, 7], [18, 19, 20, 21, 22, 23, 1, 2, 3, 4, 5, 6, 7, 8, 9, 10, 11, 12, 13, 14, 15, 16, 17], [23, 1, 2, 3, 4, 5, 6, 7, 8, 9, 10, 11, 12, 13, 14, 15, 16, 17, 18, 19, 20, 21, 22]], "total_label": "11.23-1.0.23-23-23.54.1", "cc": [54, 1], "label": "11.23-1.0.23-23-23", "genus": 11, "signature": "[0,23,23,23]", "group": "[23,1]", "_id": {"$oid": "5941a77b3fce4a500fb39b73"}}, {"passport_label": "11.23-1.0.23-23-23.50", "gen_vectors": [[7, 8, 9, 10, 11, 12, 13, 14, 15, 16, 17, 18, 19, 20, 21, 22, 23, 1, 2, 3, 4, 5, 6], [20, 21, 22, 23, 1, 2, 3, 4, 5, 6, 7, 8, 9, 10, 11, 12, 13, 14, 15, 16, 17, 18, 19], [22, 23, 1, 2, 3, 4, 5, 6, 7, 8, 9, 10, 11, 12, 13, 14, 15, 16, 17, 18, 19, 20, 21]], "total_label": "11.23-1.0.23-23-23.50.1", "cc": [50, 1], "label": "11.23-1.0.23-23-23", "genus": 11, "signature": "[0,23,23,23]", "group": "[23,1]", "_id": {"$oid": "5941a77a3fce4a500fb39b72"}}, {"passport_label": "11.23-1.0.23-23-23.49", "gen_vectors": [[7, 8, 9, 10, 11, 12, 13, 14, 15, 16, 17, 18, 19, 20, 21, 22, 23, 1, 2, 3, 4, 5, 6], [19, 20, 21, 22, 23, 1, 2, 3, 4, 5, 6, 7, 8, 9, 10, 11, 12, 13, 14, 15, 16, 17, 18], [23, 1, 2, 3, 4, 5, 6, 7, 8, 9, 10, 11, 12, 13, 14, 15, 16, 17, 18, 19, 20, 21, 22]], "total_label": "11.23-1.0.23-23-23.49.1", "cc": [49, 1], "label": "11.23-1.0.23-23-23", "genus": 11, "signature": "[0,23,23,23]", "group": "[23,1]", "_id": {"$oid": "5941a7793fce4a500fb39b71"}}, {"passport_label": "11.23-1.0.23-23-23.48", "gen_vectors": [[7, 8, 9, 10, 11, 12, 13, 14, 15, 16, 17, 18, 19, 20, 21, 22, 23, 1, 2, 3, 4, 5, 6], [9, 10, 11, 12, 13, 14, 15, 16, 17, 18, 19, 20, 21, 22, 23, 1, 2, 3, 4, 5, 6, 7, 8], [10, 11, 12, 13, 14, 15, 16, 17, 18, 19, 20, 21, 22, 23, 1, 2, 3, 4, 5, 6, 7, 8, 9]], "total_label": "11.23-1.0.23-23-23.48.1", "cc": [48, 1], "label": "11.23-1.0.23-23-23", "genus": 11, "signature": "[0,23,23,23]", "group": "[23,1]", "_id": {"$oid": "5941a7793fce4a500fb39b70"}}, {"passport_label": "11.23-1.0.23-23-23.47", "gen_vectors": [[7, 8, 9, 10, 11, 12, 13, 14, 15, 16, 17, 18, 19, 20, 21, 22, 23, 1, 2, 3, 4, 5, 6], [8, 9, 10, 11, 12, 13, 14, 15, 16, 17, 18, 19, 20, 21, 22, 23, 1, 2, 3, 4, 5, 6, 7], [11, 12, 13, 14, 15, 16, 17, 18, 19, 20, 21, 22, 23, 1, 2, 3, 4, 5, 6, 7, 8, 9, 10]], "total_label": "11.23-1.0.23-23-23.47.1", "cc": [47, 1], "label": "11.23-1.0.23-23-23", "genus": 11, "signature": "[0,23,23,23]", "group": "[23,1]", "_id": {"$oid": "5941a7783fce4a500fb39b6f"}}, {"passport_label": "11.23-1.0.23-23-23.45", "gen_vectors": [[6, 7, 8, 9, 10, 11, 12, 13, 14, 15, 16, 17, 18, 19, 20, 21, 22, 23, 1, 2, 3, 4, 5], [21, 22, 23, 1, 2, 3, 4, 5, 6, 7, 8, 9, 10, 11, 12, 13, 14, 15, 16, 17, 18, 19, 20], [22, 23, 1, 2, 3, 4, 5, 6, 7, 8, 9, 10, 11, 12, 13, 14, 15, 16, 17, 18, 19, 20, 21]], "total_label": "11.23-1.0.23-23-23.45.1", "cc": [45, 1], "label": "11.23-1.0.23-23-23", "genus": 11, "signature": "[0,23,23,23]", "group": "[23,1]", "_id": {"$oid": "5941a7783fce4a500fb39b6e"}}, {"passport_label": "11.23-1.0.23-23-23.44", "gen_vectors": [[6, 7, 8, 9, 10, 11, 12, 13, 14, 15, 16, 17, 18, 19, 20, 21, 22, 23, 1, 2, 3, 4, 5], [20, 21, 22, 23, 1, 2, 3, 4, 5, 6, 7, 8, 9, 10, 11, 12, 13, 14, 15, 16, 17, 18, 19], [23, 1, 2, 3, 4, 5, 6, 7, 8, 9, 10, 11, 12, 13, 14, 15, 16, 17, 18, 19, 20, 21, 22]], "total_label": "11.23-1.0.23-23-23.44.1", "cc": [44, 1], "label": "11.23-1.0.23-23-23", "genus": 11, "signature": "[0,23,23,23]", "group": "[23,1]", "_id": {"$oid": "5941a7773fce4a500fb39b6d"}}, {"passport_label": "11.23-1.0.23-23-23.42", "gen_vectors": [[6, 7, 8, 9, 10, 11, 12, 13, 14, 15, 16, 17, 18, 19, 20, 21, 22, 23, 1, 2, 3, 4, 5], [9, 10, 11, 12, 13, 14, 15, 16, 17, 18, 19, 20, 21, 22, 23, 1, 2, 3, 4, 5, 6, 7, 8], [11, 12, 13, 14, 15, 16, 17, 18, 19, 20, 21, 22, 23, 1, 2, 3, 4, 5, 6, 7, 8, 9, 10]], "total_label": "11.23-1.0.23-23-23.42.1", "cc": [42, 1], "label": "11.23-1.0.23-23-23", "genus": 11, "signature": "[0,23,23,23]", "group": "[23,1]", "_id": {"$oid": "5941a7773fce4a500fb39b6c"}}, {"passport_label": "11.23-1.0.23-23-23.41", "gen_vectors": [[6, 7, 8, 9, 10, 11, 12, 13, 14, 15, 16, 17, 18, 19, 20, 21, 22, 23, 1, 2, 3, 4, 5], [8, 9, 10, 11, 12, 13, 14, 15, 16, 17, 18, 19, 20, 21, 22, 23, 1, 2, 3, 4, 5, 6, 7], [12, 13, 14, 15, 16, 17, 18, 19, 20, 21, 22, 23, 1, 2, 3, 4, 5, 6, 7, 8, 9, 10, 11]], "total_label": "11.23-1.0.23-23-23.41.1", "cc": [41, 1], "label": "11.23-1.0.23-23-23", "genus": 11, "signature": "[0,23,23,23]", "group": "[23,1]", "_id": {"$oid": "5941a7763fce4a500fb39b6b"}}, {"passport_label": "11.23-1.0.23-23-23.40", "gen_vectors": [[6, 7, 8, 9, 10, 11, 12, 13, 14, 15, 16, 17, 18, 19, 20, 21, 22, 23, 1, 2, 3, 4, 5], [7, 8, 9, 10, 11, 12, 13, 14, 15, 16, 17, 18, 19, 20, 21, 22, 23, 1, 2, 3, 4, 5, 6], [13, 14, 15, 16, 17, 18, 19, 20, 21, 22, 23, 1, 2, 3, 4, 5, 6, 7, 8, 9, 10, 11, 12]], "total_label": "11.23-1.0.23-23-23.40.1", "cc": [40, 1], "label": "11.23-1.0.23-23-23", "genus": 11, "signature": "[0,23,23,23]", "group": "[23,1]", "_id": {"$oid": "5941a7753fce4a500fb39b6a"}}, {"passport_label": "11.23-1.0.23-23-23.37", "gen_vectors": [[5, 6, 7, 8, 9, 10, 11, 12, 13, 14, 15, 16, 17, 18, 19, 20, 21, 22, 23, 1, 2, 3, 4], [21, 22, 23, 1, 2, 3, 4, 5, 6, 7, 8, 9, 10, 11, 12, 13, 14, 15, 16, 17, 18, 19, 20], [23, 1, 2, 3, 4, 5, 6, 7, 8, 9, 10, 11, 12, 13, 14, 15, 16, 17, 18, 19, 20, 21, 22]], "total_label": "11.23-1.0.23-23-23.37.1", "cc": [37, 1], "label": "11.23-1.0.23-23-23", "genus": 11, "signature": "[0,23,23,23]", "group": "[23,1]", "_id": {"$oid": "5941a7753fce4a500fb39b69"}}, {"passport_label": "11.23-1.0.23-23-23.36", "gen_vectors": [[5, 6, 7, 8, 9, 10, 11, 12, 13, 14, 15, 16, 17, 18, 19, 20, 21, 22, 23, 1, 2, 3, 4], [10, 11, 12, 13, 14, 15, 16, 17, 18, 19, 20, 21, 22, 23, 1, 2, 3, 4, 5, 6, 7, 8, 9], [11, 12, 13, 14, 15, 16, 17, 18, 19, 20, 21, 22, 23, 1, 2, 3, 4, 5, 6, 7, 8, 9, 10]], "total_label": "11.23-1.0.23-23-23.36.1", "cc": [36, 1], "label": "11.23-1.0.23-23-23", "genus": 11, "signature": "[0,23,23,23]", "group": "[23,1]", "_id": {"$oid": "5941a7743fce4a500fb39b68"}}, {"passport_label": "11.23-1.0.23-23-23.35", "gen_vectors": [[5, 6, 7, 8, 9, 10, 11, 12, 13, 14, 15, 16, 17, 18, 19, 20, 21, 22, 23, 1, 2, 3, 4], [9, 10, 11, 12, 13, 14, 15, 16, 17, 18, 19, 20, 21, 22, 23, 1, 2, 3, 4, 5, 6, 7, 8], [12, 13, 14, 15, 16, 17, 18, 19, 20, 21, 22, 23, 1, 2, 3, 4, 5, 6, 7, 8, 9, 10, 11]], "total_label": "11.23-1.0.23-23-23.35.1", "cc": [35, 1], "label": "11.23-1.0.23-23-23", "genus": 11, "signature": "[0,23,23,23]", "group": "[23,1]", "_id": {"$oid": "5941a7743fce4a500fb39b67"}}, {"passport_label": "11.23-1.0.23-23-23.34", "gen_vectors": [[5, 6, 7, 8, 9, 10, 11, 12, 13, 14, 15, 16, 17, 18, 19, 20, 21, 22, 23, 1, 2, 3, 4], [8, 9, 10, 11, 12, 13, 14, 15, 16, 17, 18, 19, 20, 21, 22, 23, 1, 2, 3, 4, 5, 6, 7], [13, 14, 15, 16, 17, 18, 19, 20, 21, 22, 23, 1, 2, 3, 4, 5, 6, 7, 8, 9, 10, 11, 12]], "total_label": "11.23-1.0.23-23-23.34.1", "cc": [34, 1], "label": "11.23-1.0.23-23-23", "genus": 11, "signature": "[0,23,23,23]", "group": "[23,1]", "_id": {"$oid": "5941a7733fce4a500fb39b66"}}, {"passport_label": "11.23-1.0.23-23-23.33", "gen_vectors": [[5, 6, 7, 8, 9, 10, 11, 12, 13, 14, 15, 16, 17, 18, 19, 20, 21, 22, 23, 1, 2, 3, 4], [7, 8, 9, 10, 11, 12, 13, 14, 15, 16, 17, 18, 19, 20, 21, 22, 23, 1, 2, 3, 4, 5, 6], [14, 15, 16, 17, 18, 19, 20, 21, 22, 23, 1, 2, 3, 4, 5, 6, 7, 8, 9, 10, 11, 12, 13]], "total_label": "11.23-1.0.23-23-23.33.1", "cc": [33, 1], "label": "11.23-1.0.23-23-23", "genus": 11, "signature": "[0,23,23,23]", "group": "[23,1]", "_id": {"$oid": "5941a7733fce4a500fb39b65"}}, {"passport_label": "11.23-1.0.23-23-23.32", "gen_vectors": [[5, 6, 7, 8, 9, 10, 11, 12, 13, 14, 15, 16, 17, 18, 19, 20, 21, 22, 23, 1, 2, 3, 4], [6, 7, 8, 9, 10, 11, 12, 13, 14, 15, 16, 17, 18, 19, 20, 21, 22, 23, 1, 2, 3, 4, 5], [15, 16, 17, 18, 19, 20, 21, 22, 23, 1, 2, 3, 4, 5, 6, 7, 8, 9, 10, 11, 12, 13, 14]], "total_label": "11.23-1.0.23-23-23.32.1", "cc": [32, 1], "label": "11.23-1.0.23-23-23", "genus": 11, "signature": "[0,23,23,23]", "group": "[23,1]", "_id": {"$oid": "5941a7723fce4a500fb39b64"}}, {"passport_label": "11.23-1.0.23-23-23.30", "gen_vectors": [[4, 5, 6, 7, 8, 9, 10, 11, 12, 13, 14, 15, 16, 17, 18, 19, 20, 21, 22, 23, 1, 2, 3], [22, 23, 1, 2, 3, 4, 5, 6, 7, 8, 9, 10, 11, 12, 13, 14, 15, 16, 17, 18, 19, 20, 21], [23, 1, 2, 3, 4, 5, 6, 7, 8, 9, 10, 11, 12, 13, 14, 15, 16, 17, 18, 19, 20, 21, 22]], "total_label": "11.23-1.0.23-23-23.30.1", "cc": [30, 1], "label": "11.23-1.0.23-23-23", "genus": 11, "signature": "[0,23,23,23]", "group": "[23,1]", "_id": {"$oid": "5941a7723fce4a500fb39b63"}}, {"passport_label": "11.23-1.0.23-23-23.28", "gen_vectors": [[4, 5, 6, 7, 8, 9, 10, 11, 12, 13, 14, 15, 16, 17, 18, 19, 20, 21, 22, 23, 1, 2, 3], [10, 11, 12, 13, 14, 15, 16, 17, 18, 19, 20, 21, 22, 23, 1, 2, 3, 4, 5, 6, 7, 8, 9], [12, 13, 14, 15, 16, 17, 18, 19, 20, 21, 22, 23, 1, 2, 3, 4, 5, 6, 7, 8, 9, 10, 11]], "total_label": "11.23-1.0.23-23-23.28.1", "cc": [28, 1], "label": "11.23-1.0.23-23-23", "genus": 11, "signature": "[0,23,23,23]", "group": "[23,1]", "_id": {"$oid": "5941a7713fce4a500fb39b62"}}, {"passport_label": "11.23-1.0.23-23-23.27", "gen_vectors": [[4, 5, 6, 7, 8, 9, 10, 11, 12, 13, 14, 15, 16, 17, 18, 19, 20, 21, 22, 23, 1, 2, 3], [9, 10, 11, 12, 13, 14, 15, 16, 17, 18, 19, 20, 21, 22, 23, 1, 2, 3, 4, 5, 6, 7, 8], [13, 14, 15, 16, 17, 18, 19, 20, 21, 22, 23, 1, 2, 3, 4, 5, 6, 7, 8, 9, 10, 11, 12]], "total_label": "11.23-1.0.23-23-23.27.1", "cc": [27, 1], "label": "11.23-1.0.23-23-23", "genus": 11, "signature": "[0,23,23,23]", "group": "[23,1]", "_id": {"$oid": "5941a7713fce4a500fb39b61"}}, {"passport_label": "11.23-1.0.23-23-23.26", "gen_vectors": [[4, 5, 6, 7, 8, 9, 10, 11, 12, 13, 14, 15, 16, 17, 18, 19, 20, 21, 22, 23, 1, 2, 3], [8, 9, 10, 11, 12, 13, 14, 15, 16, 17, 18, 19, 20, 21, 22, 23, 1, 2, 3, 4, 5, 6, 7], [14, 15, 16, 17, 18, 19, 20, 21, 22, 23, 1, 2, 3, 4, 5, 6, 7, 8, 9, 10, 11, 12, 13]], "total_label": "11.23-1.0.23-23-23.26.1", "cc": [26, 1], "label": "11.23-1.0.23-23-23", "genus": 11, "signature": "[0,23,23,23]", "group": "[23,1]", "_id": {"$oid": "5941a7703fce4a500fb39b60"}}, {"passport_label": "11.23-1.0.23-23-23.25", "gen_vectors": [[4, 5, 6, 7, 8, 9, 10, 11, 12, 13, 14, 15, 16, 17, 18, 19, 20, 21, 22, 23, 1, 2, 3], [7, 8, 9, 10, 11, 12, 13, 14, 15, 16, 17, 18, 19, 20, 21, 22, 23, 1, 2, 3, 4, 5, 6], [15, 16, 17, 18, 19, 20, 21, 22, 23, 1, 2, 3, 4, 5, 6, 7, 8, 9, 10, 11, 12, 13, 14]], "total_label": "11.23-1.0.23-23-23.25.1", "cc": [25, 1], "label": "11.23-1.0.23-23-23", "genus": 11, "signature": "[0,23,23,23]", "group": "[23,1]", "_id": {"$oid": "5941a76f3fce4a500fb39b5f"}}, {"passport_label": "11.23-1.0.23-23-23.24", "gen_vectors": [[4, 5, 6, 7, 8, 9, 10, 11, 12, 13, 14, 15, 16, 17, 18, 19, 20, 21, 22, 23, 1, 2, 3], [6, 7, 8, 9, 10, 11, 12, 13, 14, 15, 16, 17, 18, 19, 20, 21, 22, 23, 1, 2, 3, 4, 5], [16, 17, 18, 19, 20, 21, 22, 23, 1, 2, 3, 4, 5, 6, 7, 8, 9, 10, 11, 12, 13, 14, 15]], "total_label": "11.23-1.0.23-23-23.24.1", "cc": [24, 1], "label": "11.23-1.0.23-23-23", "genus": 11, "signature": "[0,23,23,23]", "group": "[23,1]", "_id": {"$oid": "5941a76f3fce4a500fb39b5e"}}, {"passport_label": "11.23-1.0.23-23-23.23", "gen_vectors": [[4, 5, 6, 7, 8, 9, 10, 11, 12, 13, 14, 15, 16, 17, 18, 19, 20, 21, 22, 23, 1, 2, 3], [5, 6, 7, 8, 9, 10, 11, 12, 13, 14, 15, 16, 17, 18, 19, 20, 21, 22, 23, 1, 2, 3, 4], [17, 18, 19, 20, 21, 22, 23, 1, 2, 3, 4, 5, 6, 7, 8, 9, 10, 11, 12, 13, 14, 15, 16]], "total_label": "11.23-1.0.23-23-23.23.1", "cc": [23, 1], "label": "11.23-1.0.23-23-23", "genus": 11, "signature": "[0,23,23,23]", "group": "[23,1]", "_id": {"$oid": "5941a76e3fce4a500fb39b5d"}}, {"passport_label": "11.23-1.0.23-23-23.20", "gen_vectors": [[3, 4, 5, 6, 7, 8, 9, 10, 11, 12, 13, 14, 15, 16, 17, 18, 19, 20, 21, 22, 23, 1, 2], [11, 12, 13, 14, 15, 16, 17, 18, 19, 20, 21, 22, 23, 1, 2, 3, 4, 5, 6, 7, 8, 9, 10], [12, 13, 14, 15, 16, 17, 18, 19, 20, 21, 22, 23, 1, 2, 3, 4, 5, 6, 7, 8, 9, 10, 11]], "total_label": "11.23-1.0.23-23-23.20.1", "cc": [20, 1], "label": "11.23-1.0.23-23-23", "genus": 11, "signature": "[0,23,23,23]", "group": "[23,1]", "_id": {"$oid": "5941a76e3fce4a500fb39b5c"}}, {"passport_label": "11.23-1.0.23-23-23.19", "gen_vectors": [[3, 4, 5, 6, 7, 8, 9, 10, 11, 12, 13, 14, 15, 16, 17, 18, 19, 20, 21, 22, 23, 1, 2], [10, 11, 12, 13, 14, 15, 16, 17, 18, 19, 20, 21, 22, 23, 1, 2, 3, 4, 5, 6, 7, 8, 9], [13, 14, 15, 16, 17, 18, 19, 20, 21, 22, 23, 1, 2, 3, 4, 5, 6, 7, 8, 9, 10, 11, 12]], "total_label": "11.23-1.0.23-23-23.19.1", "cc": [19, 1], "label": "11.23-1.0.23-23-23", "genus": 11, "signature": "[0,23,23,23]", "group": "[23,1]", "_id": {"$oid": "5941a76d3fce4a500fb39b5b"}}, {"passport_label": "11.23-1.0.23-23-23.18", "gen_vectors": [[3, 4, 5, 6, 7, 8, 9, 10, 11, 12, 13, 14, 15, 16, 17, 18, 19, 20, 21, 22, 23, 1, 2], [9, 10, 11, 12, 13, 14, 15, 16, 17, 18, 19, 20, 21, 22, 23, 1, 2, 3, 4, 5, 6, 7, 8], [14, 15, 16, 17, 18, 19, 20, 21, 22, 23, 1, 2, 3, 4, 5, 6, 7, 8, 9, 10, 11, 12, 13]], "total_label": "11.23-1.0.23-23-23.18.1", "cc": [18, 1], "label": "11.23-1.0.23-23-23", "genus": 11, "signature": "[0,23,23,23]", "group": "[23,1]", "_id": {"$oid": "5941a76d3fce4a500fb39b5a"}}, {"passport_label": "11.23-1.0.23-23-23.17", "gen_vectors": [[3, 4, 5, 6, 7, 8, 9, 10, 11, 12, 13, 14, 15, 16, 17, 18, 19, 20, 21, 22, 23, 1, 2], [8, 9, 10, 11, 12, 13, 14, 15, 16, 17, 18, 19, 20, 21, 22, 23, 1, 2, 3, 4, 5, 6, 7], [15, 16, 17, 18, 19, 20, 21, 22, 23, 1, 2, 3, 4, 5, 6, 7, 8, 9, 10, 11, 12, 13, 14]], "total_label": "11.23-1.0.23-23-23.17.1", "cc": [17, 1], "label": "11.23-1.0.23-23-23", "genus": 11, "signature": "[0,23,23,23]", "group": "[23,1]", "_id": {"$oid": "5941a76c3fce4a500fb39b59"}}, {"passport_label": "11.23-1.0.23-23-23.16", "gen_vectors": [[3, 4, 5, 6, 7, 8, 9, 10, 11, 12, 13, 14, 15, 16, 17, 18, 19, 20, 21, 22, 23, 1, 2], [7, 8, 9, 10, 11, 12, 13, 14, 15, 16, 17, 18, 19, 20, 21, 22, 23, 1, 2, 3, 4, 5, 6], [16, 17, 18, 19, 20, 21, 22, 23, 1, 2, 3, 4, 5, 6, 7, 8, 9, 10, 11, 12, 13, 14, 15]], "total_label": "11.23-1.0.23-23-23.16.1", "cc": [16, 1], "label": "11.23-1.0.23-23-23", "genus": 11, "signature": "[0,23,23,23]", "group": "[23,1]", "_id": {"$oid": "5941a76b3fce4a500fb39b58"}}, {"passport_label": "11.23-1.0.23-23-23.15", "gen_vectors": [[3, 4, 5, 6, 7, 8, 9, 10, 11, 12, 13, 14, 15, 16, 17, 18, 19, 20, 21, 22, 23, 1, 2], [6, 7, 8, 9, 10, 11, 12, 13, 14, 15, 16, 17, 18, 19, 20, 21, 22, 23, 1, 2, 3, 4, 5], [17, 18, 19, 20, 21, 22, 23, 1, 2, 3, 4, 5, 6, 7, 8, 9, 10, 11, 12, 13, 14, 15, 16]], "total_label": "11.23-1.0.23-23-23.15.1", "cc": [15, 1], "label": "11.23-1.0.23-23-23", "genus": 11, "signature": "[0,23,23,23]", "group": "[23,1]", "_id": {"$oid": "5941a76b3fce4a500fb39b57"}}, {"passport_label": "11.23-1.0.23-23-23.14", "gen_vectors": [[3, 4, 5, 6, 7, 8, 9, 10, 11, 12, 13, 14, 15, 16, 17, 18, 19, 20, 21, 22, 23, 1, 2], [5, 6, 7, 8, 9, 10, 11, 12, 13, 14, 15, 16, 17, 18, 19, 20, 21, 22, 23, 1, 2, 3, 4], [18, 19, 20, 21, 22, 23, 1, 2, 3, 4, 5, 6, 7, 8, 9, 10, 11, 12, 13, 14, 15, 16, 17]], "total_label": "11.23-1.0.23-23-23.14.1", "cc": [14, 1], "label": "11.23-1.0.23-23-23", "genus": 11, "signature": "[0,23,23,23]", "group": "[23,1]", "_id": {"$oid": "5941a76a3fce4a500fb39b56"}}, {"passport_label": "11.23-1.0.23-23-23.13", "gen_vectors": [[3, 4, 5, 6, 7, 8, 9, 10, 11, 12, 13, 14, 15, 16, 17, 18, 19, 20, 21, 22, 23, 1, 2],