[{"passport_label": "2.48-29.0.2-3-8.1", "gen_vectors": [[25, 26, 29, 30, 27, 28, 32, 31, 41, 42, 45, 46, 43, 44, 48, 47, 33, 34, 37, 38, 35, 36, 40, 39, 1, 2, 5, 6, 3, 4, 8, 7, 17, 18, 21, 22, 19, 20, 24, 23, 9, 10, 13, 14, 11, 12, 16, 15], [13, 14, 11, 12, 15, 16, 9, 10, 21, 22, 19, 20, 23, 24, 17, 18, 5, 6, 3, 4, 7, 8, 1, 2, 37, 38, 35, 36, 39, 40, 33, 34, 45, 46, 43, 44, 47, 48, 41, 42, 29, 30, 27, 28, 31, 32, 25, 26], [40, 39, 37, 38, 33, 34, 35, 36, 32, 31, 29, 30, 25, 26, 27, 28, 48, 47, 45, 46, 41, 42, 43, 44, 16, 15, 13, 14, 9, 10, 11, 12, 8, 7, 5, 6, 1, 2, 3, 4, 24, 23, 21, 22, 17, 18, 19, 20]], "total_label": "2.48-29.0.2-3-8.1.1", "cc": [1, 1], "signature": "[0,2,3,8]", "label": "2.48-29.0.2-3-8", "genus": 2, "group": "[48,29]", "_id": {"$oid": "579ba55275d28e4971d3ed74"}}, {"passport_label": "2.48-29.0.2-3-8.2", "gen_vectors": [[25, 26, 29, 30, 27, 28, 32, 31, 41, 42, 45, 46, 43, 44, 48, 47, 33, 34, 37, 38, 35, 36, 40, 39, 1, 2, 5, 6, 3, 4, 8, 7, 17, 18, 21, 22, 19, 20, 24, 23, 9, 10, 13, 14, 11, 12, 16, 15], [16, 15, 9, 10, 13, 14, 12, 11, 24, 23, 17, 18, 21, 22, 20, 19, 8, 7, 1, 2, 5, 6, 4, 3, 40, 39, 33, 34, 37, 38, 36, 35, 48, 47, 41, 42, 45, 46, 44, 43, 32, 31, 25, 26, 29, 30, 28, 27], [37, 38, 39, 40, 35, 36, 34, 33, 29, 30, 31, 32, 27, 28, 26, 25, 45, 46, 47, 48, 43, 44, 42, 41, 13, 14, 15, 16, 11, 12, 10, 9, 5, 6, 7, 8, 3, 4, 2, 1, 21, 22, 23, 24, 19, 20, 18, 17]], "total_label": "2.48-29.0.2-3-8.2.1", "cc": [2, 1], "signature": "[0,2,3,8]", "label": "2.48-29.0.2-3-8", "genus": 2, "group": "[48,29]", "_id": {"$oid": "579ba55375d28e4971d3ed75"}}]
[{"passport_label": "2.5-1.0.5-5-5.4", "gen_vectors": [[4, 5, 1, 2, 3], [4, 5, 1, 2, 3], [5, 1, 2, 3, 4]], "total_label": "2.5-1.0.5-5-5.4.1", "cc": [4, 1], "label": "2.5-1.0.5-5-5", "genus": 2, "signature": "[0,5,5,5]", "group": "[5,1]", "_id": {"$oid": "579ba55575d28e4971d3ed7a"}}, {"passport_label": "2.5-1.0.5-5-5.2", "gen_vectors": [[2, 3, 4, 5, 1], [3, 4, 5, 1, 2], [3, 4, 5, 1, 2]], "total_label": "2.5-1.0.5-5-5.2.1", "cc": [2, 1], "label": "2.5-1.0.5-5-5", "genus": 2, "signature": "[0,5,5,5]", "group": "[5,1]", "_id": {"$oid": "579ba55475d28e4971d3ed78"}}, {"passport_label": "2.5-1.0.5-5-5.3", "gen_vectors": [[3, 4, 5, 1, 2], [5, 1, 2, 3, 4], [5, 1, 2, 3, 4]], "total_label": "2.5-1.0.5-5-5.3.1", "cc": [3, 1], "label": "2.5-1.0.5-5-5", "genus": 2, "signature": "[0,5,5,5]", "group": "[5,1]", "_id": {"$oid": "579ba55575d28e4971d3ed79"}}, {"passport_label": "2.5-1.0.5-5-5.1", "gen_vectors": [[2, 3, 4, 5, 1], [2, 3, 4, 5, 1], [4, 5, 1, 2, 3]], "total_label": "2.5-1.0.5-5-5.1.1", "cc": [1, 1], "label": "2.5-1.0.5-5-5", "genus": 2, "signature": "[0,5,5,5]", "group": "[5,1]", "_id": {"$oid": "579ba55475d28e4971d3ed77"}}]
[{"passport_label": "3.24-5.0.2-4-12.1", "gen_vectors": [[13, 15, 14, 16, 18, 17, 19, 21, 20, 22, 24, 23, 1, 3, 2, 4, 6, 5, 7, 9, 8, 10, 12, 11], [21, 20, 19, 24, 23, 22, 18, 17, 16, 15, 14, 13, 9, 8, 7, 12, 11, 10, 6, 5, 4, 3, 2, 1], [11, 12, 10, 8, 9, 7, 2, 3, 1, 5, 6, 4, 23, 24, 22, 20, 21, 19, 14, 15, 13, 17, 18, 16]], "total_label": "3.24-5.0.2-4-12.1.1", "cc": [1, 1], "signature": "[0,2,4,12]", "label": "3.24-5.0.2-4-12", "genus": 3, "group": "[24,5]", "_id": {"$oid": "579ba5a875d28e4971d3eddf"}}, {"passport_label": "3.24-5.0.2-4-12.2", "gen_vectors": [[13, 15, 14, 16, 18, 17, 19, 21, 20, 22, 24, 23, 1, 3, 2, 4, 6, 5, 7, 9, 8, 10, 12, 11], [24, 23, 22, 21, 20, 19, 15, 14, 13, 18, 17, 16, 12, 11, 10, 9, 8, 7, 3, 2, 1, 6, 5, 4], [8, 9, 7, 11, 12, 10, 5, 6, 4, 2, 3, 1, 20, 21, 19, 23, 24, 22, 17, 18, 16, 14, 15, 13]], "total_label": "3.24-5.0.2-4-12.2.1", "cc": [2, 1], "signature": "[0,2,4,12]", "label": "3.24-5.0.2-4-12", "genus": 3, "group": "[24,5]", "_id": {"$oid": "579ba5a875d28e4971d3ede0"}}, {"passport_label": "3.24-5.0.2-4-12.3", "gen_vectors": [[16, 18, 17, 13, 15, 14, 22, 24, 23, 19, 21, 20, 4, 6, 5, 1, 3, 2, 10, 12, 11, 7, 9, 8], [21, 20, 19, 24, 23, 22, 18, 17, 16, 15, 14, 13, 9, 8, 7, 12, 11, 10, 6, 5, 4, 3, 2, 1], [8, 9, 7, 11, 12, 10, 5, 6, 4, 2, 3, 1, 20, 21, 19, 23, 24, 22, 17, 18, 16, 14, 15, 13]], "total_label": "3.24-5.0.2-4-12.3.1", "cc": [3, 1], "signature": "[0,2,4,12]", "label": "3.24-5.0.2-4-12", "genus": 3, "group": "[24,5]", "_id": {"$oid": "579ba5a975d28e4971d3ede1"}}, {"passport_label": "3.24-5.0.2-4-12.4", "gen_vectors": [[16, 18, 17, 13, 15, 14, 22, 24, 23, 19, 21, 20, 4, 6, 5, 1, 3, 2, 10, 12, 11, 7, 9, 8], [24, 23, 22, 21, 20, 19, 15, 14, 13, 18, 17, 16, 12, 11, 10, 9, 8, 7, 3, 2, 1, 6, 5, 4], [11, 12, 10, 8, 9, 7, 2, 3, 1, 5, 6, 4, 23, 24, 22, 20, 21, 19, 14, 15, 13, 17, 18, 16]], "total_label": "3.24-5.0.2-4-12.4.1", "cc": [4, 1], "signature": "[0,2,4,12]", "label": "3.24-5.0.2-4-12", "genus": 3, "group": "[24,5]", "_id": {"$oid": "579ba5a975d28e4971d3ede2"}}]
[{"passport_label": "3.168-42.0.2-3-7.1", "gen_vectors": [[5, 9, 45, 88, 1, 77, 104, 12, 2, 17, 32, 8, 154, 125, 19, 23, 10, 39, 15, 91, 160, 26, 16, 66, 151, 22, 84, 139, 33, 114, 38, 11, 29, 147, 48, 40, 163, 31, 18, 36, 98, 69, 47, 51, 3, 130, 43, 35, 146, 54, 44, 59, 74, 50, 112, 167, 61, 65, 52, 81, 57, 133, 118, 68, 58, 24, 109, 64, 42, 97, 75, 156, 80, 53, 71, 105, 6, 82, 121, 73, 60, 78, 140, 27, 89, 93, 129, 4, 85, 161, 20, 96, 86, 101, 116, 92, 70, 41, 103, 107, 94, 123, 99, 7, 76, 110, 100, 150, 67, 106, 168, 55, 117, 30, 122, 95, 113, 63, 132, 124, 79, 115, 102, 120, 14, 153, 131, 135, 87, 46, 127, 119, 62, 138, 128, 143, 158, 134, 28, 83, 145, 149, 136, 165, 141, 49, 34, 152, 142, 108, 25, 148, 126, 13, 159, 72, 164, 137, 155, 21, 90, 166, 37, 157, 144, 162, 56, 111], [2, 3, 1, 5, 6, 4, 77, 9, 10, 8, 12, 13, 11, 154, 16, 17, 15, 19, 20, 18, 91, 23, 24, 22, 26, 27, 25, 84, 30, 31, 29, 33, 34, 32, 147, 37, 38, 36, 40, 41, 39, 98, 44, 45, 43, 47, 48, 46, 35, 51, 52, 50, 54, 55, 53, 112, 58, 59, 57, 61, 62, 60, 133, 65, 66, 64, 68, 69, 67, 42, 72, 73, 71, 75, 76, 74, 105, 79, 80, 78, 82, 83, 81, 140, 86, 87, 85, 89, 90, 88, 161, 93, 94, 92, 96, 97, 95, 70, 100, 101, 99, 103, 104, 102, 7, 107, 108, 106, 110, 111, 109, 168, 114, 115, 113, 117, 118, 116, 63, 121, 122, 120, 124, 125, 123, 14, 128, 129, 127, 131, 132, 130, 119, 135, 136, 134, 138, 139, 137, 28, 142, 143, 141, 145, 146, 144, 49, 149, 150, 148, 152, 153, 151, 126, 156, 157, 155, 159, 160, 158, 21, 163, 164, 162, 166, 167, 165, 56], [45, 5, 9, 77, 88, 1, 76, 17, 12, 2, 154, 32, 8, 153, 10, 19, 23, 91, 39, 15, 90, 66, 26, 16, 84, 151, 22, 83, 38, 33, 114, 147, 11, 29, 146, 31, 40, 163, 98, 18, 36, 97, 3, 47, 51, 35, 130, 43, 34, 59, 54, 44, 112, 74, 50, 111, 52, 61, 65, 133, 81, 57, 132, 24, 68, 58, 42, 109, 64, 41, 80, 75, 156, 105, 53, 71, 104, 73, 82, 121, 140, 60, 78, 139, 129, 89, 93, 161, 4, 85, 160, 101, 96, 86, 70, 116, 92, 69, 94, 103, 107, 7, 123, 99, 6, 150, 110, 100, 168, 67, 106, 167, 122, 117, 30, 63, 95, 113, 62, 115, 124, 79, 14, 102, 120, 13, 87, 131, 135, 119, 46, 127, 118, 143, 138, 128, 28, 158, 134, 27, 136, 145, 149, 49, 165, 141, 48, 108, 152, 142, 126, 25, 148, 125, 164, 159, 72, 21, 137, 155, 20, 157, 166, 37, 56, 144, 162, 55]], "total_label": "3.168-42.0.2-3-7.1.1", "cc": [1, 1], "label": "3.168-42.0.2-3-7", "genus": 3, "signature": "[0,2,3,7]", "group": "[168,42]", "_id": {"$oid": "579ba5b375d28e4971d3edf6"}}, {"passport_label": "3.168-42.0.2-3-7.2", "gen_vectors": [[5, 9, 45, 88, 1, 77, 104, 12, 2, 17, 32, 8, 154, 125, 19, 23, 10, 39, 15, 91, 160, 26, 16, 66, 151, 22, 84, 139, 33, 114, 38, 11, 29, 147, 48, 40, 163, 31, 18, 36, 98, 69, 47, 51, 3, 130, 43, 35, 146, 54, 44, 59, 74, 50, 112, 167, 61, 65, 52, 81, 57, 133, 118, 68, 58, 24, 109, 64, 42, 97, 75, 156, 80, 53, 71, 105, 6, 82, 121, 73, 60, 78, 140, 27, 89, 93, 129, 4, 85, 161, 20, 96, 86, 101, 116, 92, 70, 41, 103, 107, 94, 123, 99, 7, 76, 110, 100, 150, 67, 106, 168, 55, 117, 30, 122, 95, 113, 63, 132, 124, 79, 115, 102, 120, 14, 153, 131, 135, 87, 46, 127, 119, 62, 138, 128, 143, 158, 134, 28, 83, 145, 149, 136, 165, 141, 49, 34, 152, 142, 108, 25, 148, 126, 13, 159, 72, 164, 137, 155, 21, 90, 166, 37, 157, 144, 162, 56, 111], [108, 140, 116, 141, 30, 83, 26, 80, 168, 95, 155, 86, 111, 54, 73, 119, 144, 120, 149, 132, 61, 129, 105, 165, 92, 37, 76, 5, 52, 28, 88, 64, 93, 139, 82, 59, 7, 151, 43, 142, 104, 75, 150, 98, 158, 99, 72, 41, 68, 38, 126, 137, 113, 128, 153, 12, 31, 161, 102, 162, 107, 90, 19, 87, 147, 123, 134, 79, 34, 47, 10, 70, 130, 22, 135, 97, 40, 17, 49, 109, 1, 100, 146, 33, 24, 56, 32, 57, 114, 167, 110, 164, 84, 11, 71, 2, 27, 138, 157, 35, 60, 36, 65, 48, 145, 45, 21, 81, 8, 121, 160, 89, 136, 112, 4, 148, 9, 55, 166, 143, 91, 67, 127, 58, 20, 159, 66, 14, 74, 15, 156, 125, 152, 122, 42, 53, 29, 44, 69, 96, 115, 77, 18, 78, 23, 6, 103, 3, 63, 39, 50, 163, 118, 131, 94, 154, 46, 106, 51, 13, 124, 101, 133, 25, 85, 16, 62, 117], [60, 92, 152, 122, 139, 49, 163, 67, 113, 75, 101, 167, 21, 135, 46, 162, 82, 136, 118, 14, 100, 53, 141, 89, 157, 104, 70, 114, 158, 1, 61, 129, 27, 42, 107, 123, 22, 54, 108, 6, 35, 128, 18, 134, 110, 164, 97, 7, 121, 25, 155, 33, 143, 125, 63, 93, 4, 120, 40, 94, 160, 56, 142, 11, 99, 131, 115, 146, 28, 156, 116, 43, 19, 87, 69, 84, 149, 165, 64, 12, 150, 48, 77, 86, 144, 8, 68, 38, 55, 133, 79, 151, 29, 159, 17, 83, 105, 51, 130, 78, 166, 52, 34, 98, 16, 137, 57, 5, 73, 20, 154, 30, 74, 85, 145, 45, 111, 126, 23, 39, 106, 138, 24, 90, 119, 44, 102, 50, 26, 80, 13, 91, 37, 109, 71, 117, 59, 41, 147, 9, 88, 36, 124, 10, 76, 140, 58, 95, 15, 47, 31, 62, 112, 72, 32, 127, 103, 3, 153, 168, 65, 81, 148, 96, 66, 132, 161, 2]], "total_label": "3.168-42.0.2-3-7.2.1", "cc": [2, 1], "label": "3.168-42.0.2-3-7", "genus": 3, "signature": "[0,2,3,7]", "group": "[168,42]", "_id": {"$oid": "579ba5b375d28e4971d3edf7"}}]
[{"passport_label": "3.12-1.0.4-4-6.1", "gen_vectors": [[7, 9, 8, 10, 12, 11, 4, 6, 5, 1, 3, 2], [9, 8, 7, 12, 11, 10, 6, 5, 4, 3, 2, 1], [5, 6, 4, 2, 3, 1, 11, 12, 10, 8, 9, 7]], "total_label": "3.12-1.0.4-4-6.1.1", "cc": [1, 1], "label": "3.12-1.0.4-4-6", "genus": 3, "signature": "[0,4,4,6]", "group": "[12,1]", "_id": {"$oid": "579ba5c275d28e4971d3ee15"}}, {"passport_label": "3.12-1.0.4-4-6.2", "gen_vectors": [[10, 12, 11, 7, 9, 8, 1, 3, 2, 4, 6, 5], [12, 11, 10, 9, 8, 7, 3, 2, 1, 6, 5, 4], [5, 6, 4, 2, 3, 1, 11, 12, 10, 8, 9, 7]], "total_label": "3.12-1.0.4-4-6.2.1", "cc": [2, 1], "label": "3.12-1.0.4-4-6", "genus": 3, "signature": "[0,4,4,6]", "group": "[12,1]", "_id": {"$oid": "579ba5c275d28e4971d3ee16"}}]
[{"passport_label": "3.16-4.0.4-4-4.1", "gen_vectors": [[5, 6, 7, 8, 3, 4, 1, 2, 13, 14, 15, 16, 11, 12, 9, 10], [9, 10, 11, 12, 15, 16, 13, 14, 2, 1, 4, 3, 8, 7, 6, 5], [16, 15, 14, 13, 12, 11, 10, 9, 7, 8, 5, 6, 3, 4, 1, 2]], "total_label": "3.16-4.0.4-4-4.1.1", "cc": [1, 1], "label": "3.16-4.0.4-4-4", "genus": 3, "signature": "[0,4,4,4]", "group": "[16,4]", "_id": {"$oid": "579ba5cd75d28e4971d3ee2c"}}, {"passport_label": "3.16-4.0.4-4-4.2", "gen_vectors": [[5, 6, 7, 8, 3, 4, 1, 2, 13, 14, 15, 16, 11, 12, 9, 10], [10, 9, 12, 11, 16, 15, 14, 13, 1, 2, 3, 4, 7, 8, 5, 6], [15, 16, 13, 14, 11, 12, 9, 10, 8, 7, 6, 5, 4, 3, 2, 1]], "total_label": "3.16-4.0.4-4-4.2.1", "cc": [2, 1], "label": "3.16-4.0.4-4-4", "genus": 3, "signature": "[0,4,4,4]", "group": "[16,4]", "_id": {"$oid": "579ba5cd75d28e4971d3ee2d"}}, {"passport_label": "3.16-4.0.4-4-4.3", "gen_vectors": [[6, 5, 8, 7, 4, 3, 2, 1, 14, 13, 16, 15, 12, 11, 10, 9], [9, 10, 11, 12, 15, 16, 13, 14, 2, 1, 4, 3, 8, 7, 6, 5], [15, 16, 13, 14, 11, 12, 9, 10, 8, 7, 6, 5, 4, 3, 2, 1]], "total_label": "3.16-4.0.4-4-4.3.1", "cc": [3, 1], "label": "3.16-4.0.4-4-4", "genus": 3, "signature": "[0,4,4,4]", "group": "[16,4]", "_id": {"$oid": "579ba5ce75d28e4971d3ee2e"}}, {"passport_label": "3.16-4.0.4-4-4.4", "gen_vectors": [[6, 5, 8, 7, 4, 3, 2, 1, 14, 13, 16, 15, 12, 11, 10, 9], [10, 9, 12, 11, 16, 15, 14, 13, 1, 2, 3, 4, 7, 8, 5, 6], [16, 15, 14, 13, 12, 11, 10, 9, 7, 8, 5, 6, 3, 4, 1, 2]], "total_label": "3.16-4.0.4-4-4.4.1", "cc": [4, 1], "label": "3.16-4.0.4-4-4", "genus": 3, "signature": "[0,4,4,4]", "group": "[16,4]", "_id": {"$oid": "579ba5ce75d28e4971d3ee2f"}}]
[{"passport_label": "3.24-3.0.3-3-6.1", "gen_vectors": [[9, 10, 15, 16, 11, 12, 13, 14, 17, 18, 23, 24, 19, 20, 21, 22, 1, 2, 7, 8, 3, 4, 5, 6], [13, 14, 11, 12, 16, 15, 10, 9, 21, 22, 19, 20, 24, 23, 18, 17, 5, 6, 3, 4, 8, 7, 2, 1], [12, 11, 13, 14, 9, 10, 16, 15, 20, 19, 21, 22, 17, 18, 24, 23, 4, 3, 5, 6, 1, 2, 8, 7]], "total_label": "3.24-3.0.3-3-6.1.1", "cc": [1, 1], "label": "3.24-3.0.3-3-6", "genus": 3, "signature": "[0,3,3,6]", "group": "[24,3]", "_id": {"$oid": "579ba5d475d28e4971d3ee3b"}}, {"passport_label": "3.24-3.0.3-3-6.2", "gen_vectors": [[17, 18, 21, 22, 23, 24, 19, 20, 1, 2, 5, 6, 7, 8, 3, 4, 9, 10, 13, 14, 15, 16, 11, 12], [24, 23, 19, 20, 17, 18, 22, 21, 8, 7, 3, 4, 1, 2, 6, 5, 16, 15, 11, 12, 9, 10, 14, 13], [19, 20, 23, 24, 22, 21, 18, 17, 3, 4, 7, 8, 6, 5, 2, 1, 11, 12, 15, 16, 14, 13, 10, 9]], "total_label": "3.24-3.0.3-3-6.2.1", "cc": [2, 1], "label": "3.24-3.0.3-3-6", "genus": 3, "signature": "[0,3,3,6]", "group": "[24,3]", "_id": {"$oid": "579ba5d475d28e4971d3ee3c"}}]
[{"passport_label": "4.4-2.0.2-2-2-2-2-2-2.1", "gen_vectors": [[2, 1, 4, 3], [2, 1, 4, 3], [2, 1, 4, 3], [2, 1, 4, 3], [2, 1, 4, 3], [3, 4, 1, 2], [4, 3, 2, 1]], "total_label": "4.4-2.0.2-2-2-2-2-2-2.1.1", "cc": [1, 1], "signature": "[0,2,2,2,2,2,2,2]", "label": "4.4-2.0.2-2-2-2-2-2-2", "genus": 4, "group": "[4,2]", "_id": {"$oid": "579ba66075d28e4971d3ee54"}}, {"passport_label": "4.4-2.0.2-2-2-2-2-2-2.2", "gen_vectors": [[2, 1, 4, 3], [2, 1, 4, 3], [2, 1, 4, 3], [3, 4, 1, 2], [3, 4, 1, 2], [3, 4, 1, 2], [4, 3, 2, 1]], "total_label": "4.4-2.0.2-2-2-2-2-2-2.2.1", "cc": [2, 1], "label": "4.4-2.0.2-2-2-2-2-2-2", "genus": 4, "signature": "[0,2,2,2,2,2,2,2]", "group": "[4,2]", "_id": {"$oid": "579ba66075d28e4971d3ee55"}}, {"passport_label": "4.4-2.0.2-2-2-2-2-2-2.3", "gen_vectors": [[2, 1, 4, 3], [2, 1, 4, 3], [2, 1, 4, 3], [3, 4, 1, 2], [4, 3, 2, 1], [4, 3, 2, 1], [4, 3, 2, 1]], "total_label": "4.4-2.0.2-2-2-2-2-2-2.3.1", "cc": [3, 1], "label": "4.4-2.0.2-2-2-2-2-2-2", "genus": 4, "signature": "[0,2,2,2,2,2,2,2]", "group": "[4,2]", "_id": {"$oid": "579ba66175d28e4971d3ee56"}}, {"passport_label": "4.4-2.0.2-2-2-2-2-2-2.4", "gen_vectors": [[2, 1, 4, 3], [3, 4, 1, 2], [3, 4, 1, 2], [3, 4, 1, 2], [3, 4, 1, 2], [3, 4, 1, 2], [4, 3, 2, 1]], "total_label": "4.4-2.0.2-2-2-2-2-2-2.4.1", "cc": [4, 1], "signature": "[0,2,2,2,2,2,2,2]", "label": "4.4-2.0.2-2-2-2-2-2-2", "genus": 4, "group": "[4,2]", "_id": {"$oid": "579ba66175d28e4971d3ee57"}}, {"passport_label": "4.4-2.0.2-2-2-2-2-2-2.5", "gen_vectors": [[2, 1, 4, 3], [3, 4, 1, 2], [3, 4, 1, 2], [3, 4, 1, 2], [4, 3, 2, 1], [4, 3, 2, 1], [4, 3, 2, 1]], "total_label": "4.4-2.0.2-2-2-2-2-2-2.5.1", "cc": [5, 1], "label": "4.4-2.0.2-2-2-2-2-2-2", "genus": 4, "signature": "[0,2,2,2,2,2,2,2]", "group": "[4,2]", "_id": {"$oid": "579ba66275d28e4971d3ee58"}}, {"passport_label": "4.4-2.0.2-2-2-2-2-2-2.6", "gen_vectors": [[2, 1, 4, 3], [3, 4, 1, 2], [4, 3, 2, 1], [4, 3, 2, 1], [4, 3, 2, 1], [4, 3, 2, 1], [4, 3, 2, 1]], "total_label": "4.4-2.0.2-2-2-2-2-2-2.6.1", "cc": [6, 1], "signature": "[0,2,2,2,2,2,2,2]", "label": "4.4-2.0.2-2-2-2-2-2-2", "genus": 4, "group": "[4,2]", "_id": {"$oid": "579ba66275d28e4971d3ee59"}}]
[{"passport_label": "4.12-5.0.2-2-3-6.1", "gen_vectors": [[4, 5, 6, 1, 2, 3, 10, 11, 12, 7, 8, 9], [7, 8, 9, 10, 11, 12, 1, 2, 3, 4, 5, 6], [2, 3, 1, 5, 6, 4, 8, 9, 7, 11, 12, 10], [12, 10, 11, 9, 7, 8, 6, 4, 5, 3, 1, 2]], "total_label": "4.12-5.0.2-2-3-6.1.1", "cc": [1, 1], "label": "4.12-5.0.2-2-3-6", "genus": 4, "signature": "[0,2,2,3,6]", "group": "[12,5]", "_id": {"$oid": "579ba68975d28e4971d3eeae"}}, {"passport_label": "4.12-5.0.2-2-3-6.2", "gen_vectors": [[4, 5, 6, 1, 2, 3, 10, 11, 12, 7, 8, 9], [7, 8, 9, 10, 11, 12, 1, 2, 3, 4, 5, 6], [3, 1, 2, 6, 4, 5, 9, 7, 8, 12, 10, 11], [11, 12, 10, 8, 9, 7, 5, 6, 4, 2, 3, 1]], "total_label": "4.12-5.0.2-2-3-6.2.1", "cc": [2, 1], "label": "4.12-5.0.2-2-3-6", "genus": 4, "signature": "[0,2,2,3,6]", "group": "[12,5]", "_id": {"$oid": "579ba68a75d28e4971d3eeaf"}}, {"passport_label": "4.12-5.0.2-2-3-6.3", "gen_vectors": [[4, 5, 6, 1, 2, 3, 10, 11, 12, 7, 8, 9], [10, 11, 12, 7, 8, 9, 4, 5, 6, 1, 2, 3], [2, 3, 1, 5, 6, 4, 8, 9, 7, 11, 12, 10], [9, 7, 8, 12, 10, 11, 3, 1, 2, 6, 4, 5]], "total_label": "4.12-5.0.2-2-3-6.3.1", "cc": [3, 1], "label": "4.12-5.0.2-2-3-6", "genus": 4, "signature": "[0,2,2,3,6]", "group": "[12,5]", "_id": {"$oid": "579ba68a75d28e4971d3eeb0"}}, {"passport_label": "4.12-5.0.2-2-3-6.4", "gen_vectors": [[4, 5, 6, 1, 2, 3, 10, 11, 12, 7, 8, 9], [10, 11, 12, 7, 8, 9, 4, 5, 6, 1, 2, 3], [3, 1, 2, 6, 4, 5, 9, 7, 8, 12, 10, 11], [8, 9, 7, 11, 12, 10, 2, 3, 1, 5, 6, 4]], "total_label": "4.12-5.0.2-2-3-6.4.1", "cc": [4, 1], "label": "4.12-5.0.2-2-3-6", "genus": 4, "signature": "[0,2,2,3,6]", "group": "[12,5]", "_id": {"$oid": "579ba68b75d28e4971d3eeb1"}}, {"passport_label": "4.12-5.0.2-2-3-6.5", "gen_vectors": [[7, 8, 9, 10, 11, 12, 1, 2, 3, 4, 5, 6], [10, 11, 12, 7, 8, 9, 4, 5, 6, 1, 2, 3], [2, 3, 1, 5, 6, 4, 8, 9, 7, 11, 12, 10], [6, 4, 5, 3, 1, 2, 12, 10, 11, 9, 7, 8]], "total_label": "4.12-5.0.2-2-3-6.5.1", "cc": [5, 1], "label": "4.12-5.0.2-2-3-6", "genus": 4, "signature": "[0,2,2,3,6]", "group": "[12,5]", "_id": {"$oid": "579ba68b75d28e4971d3eeb2"}}, {"passport_label": "4.12-5.0.2-2-3-6.6", "gen_vectors": [[7, 8, 9, 10, 11, 12, 1, 2, 3, 4, 5, 6], [10, 11, 12, 7, 8, 9, 4, 5, 6, 1, 2, 3], [3, 1, 2, 6, 4, 5, 9, 7, 8, 12, 10, 11], [5, 6, 4, 2, 3, 1, 11, 12, 10, 8, 9, 7]], "total_label": "4.12-5.0.2-2-3-6.6.1", "cc": [6, 1], "label": "4.12-5.0.2-2-3-6", "genus": 4, "signature": "[0,2,2,3,6]", "group": "[12,5]", "_id": {"$oid": "579ba68c75d28e4971d3eeb3"}}]
[{"passport_label": "4.72-40.0.2-4-6.1", "gen_vectors": [[19, 22, 25, 20, 23, 26, 21, 24, 27, 28, 31, 34, 29, 32, 35, 30, 33, 36, 1, 4, 7, 2, 5, 8, 3, 6, 9, 10, 13, 16, 11, 14, 17, 12, 15, 18, 55, 58, 61, 56, 59, 62, 57, 60, 63, 64, 67, 70, 65, 68, 71, 66, 69, 72, 37, 40, 43, 38, 41, 44, 39, 42, 45, 46, 49, 52, 47, 50, 53, 48, 51, 54], [60, 63, 57, 59, 62, 56, 58, 61, 55, 69, 72, 66, 68, 71, 65, 67, 70, 64, 51, 54, 48, 50, 53, 47, 49, 52, 46, 42, 45, 39, 41, 44, 38, 40, 43, 37, 24, 27, 21, 23, 26, 20, 22, 25, 19, 33, 36, 30, 32, 35, 29, 31, 34, 28, 15, 18, 12, 14, 17, 11, 13, 16, 10, 6, 9, 3, 5, 8, 2, 4, 7, 1], [54, 53, 52, 48, 47, 46, 51, 50, 49, 45, 44, 43, 39, 38, 37, 42, 41, 40, 63, 62, 61, 57, 56, 55, 60, 59, 58, 72, 71, 70, 66, 65, 64, 69, 68, 67, 18, 17, 16, 12, 11, 10, 15, 14, 13, 9, 8, 7, 3, 2, 1, 6, 5, 4, 27, 26, 25, 21, 20, 19, 24, 23, 22, 36, 35, 34, 30, 29, 28, 33, 32, 31]], "total_label": "4.72-40.0.2-4-6.1.1", "cc": [1, 1], "label": "4.72-40.0.2-4-6", "genus": 4, "signature": "[0,2,4,6]", "group": "[72,40]", "_id": {"$oid": "579ba69f75d28e4971d3eedb"}}, {"passport_label": "4.72-40.0.2-4-6.2", "gen_vectors": [[37, 38, 39, 43, 44, 45, 40, 41, 42, 46, 47, 48, 52, 53, 54, 49, 50, 51, 64, 65, 66, 70, 71, 72, 67, 68, 69, 55, 56, 57, 61, 62, 63, 58, 59, 60, 1, 2, 3, 7, 8, 9, 4, 5, 6, 10, 11, 12, 16, 17, 18, 13, 14, 15, 28, 29, 30, 34, 35, 36, 31, 32, 33, 19, 20, 21, 25, 26, 27, 22, 23, 24], [63, 57, 60, 62, 56, 59, 61, 55, 58, 72, 66, 69, 71, 65, 68, 70, 64, 67, 54, 48, 51, 53, 47, 50, 52, 46, 49, 45, 39, 42, 44, 38, 41, 43, 37, 40, 27, 21, 24, 26, 20, 23, 25, 19, 22, 36, 30, 33, 35, 29, 32, 34, 28, 31, 18, 12, 15, 17, 11, 14, 16, 10, 13, 9, 3, 6, 8, 2, 5, 7, 1, 4], [23, 26, 20, 24, 27, 21, 22, 25, 19, 32, 35, 29, 33, 36, 30, 31, 34, 28, 5, 8, 2, 6, 9, 3, 4, 7, 1, 14, 17, 11, 15, 18, 12, 13, 16, 10, 59, 62, 56, 60, 63, 57, 58, 61, 55, 68, 71, 65, 69, 72, 66, 67, 70, 64, 41, 44, 38, 42, 45, 39, 40, 43, 37, 50, 53, 47, 51, 54, 48, 49, 52, 46]], "total_label": "4.72-40.0.2-4-6.2.1", "cc": [2, 1], "label": "4.72-40.0.2-4-6", "genus": 4, "signature": "[0,2,4,6]", "group": "[72,40]", "_id": {"$oid": "579ba69f75d28e4971d3eedc"}}]
[{"passport_label": "4.8-1.0.2-2-8-8.1", "gen_vectors": [[2, 1, 4, 3, 6, 5, 8, 7], [2, 1, 4, 3, 6, 5, 8, 7], [5, 6, 7, 8, 3, 4, 2, 1], [8, 7, 5, 6, 1, 2, 3, 4]], "total_label": "4.8-1.0.2-2-8-8.1.1", "cc": [1, 1], "label": "4.8-1.0.2-2-8-8", "genus": 4, "signature": "[0,2,2,8,8]", "group": "[8,1]", "_id": {"$oid": "579ba6a375d28e4971d3eee4"}}, {"passport_label": "4.8-1.0.2-2-8-8.2", "gen_vectors": [[2, 1, 4, 3, 6, 5, 8, 7], [2, 1, 4, 3, 6, 5, 8, 7], [7, 8, 6, 5, 2, 1, 4, 3], [6, 5, 8, 7, 4, 3, 1, 2]], "total_label": "4.8-1.0.2-2-8-8.2.1", "cc": [2, 1], "label": "4.8-1.0.2-2-8-8", "genus": 4, "signature": "[0,2,2,8,8]", "group": "[8,1]", "_id": {"$oid": "579ba6a475d28e4971d3eee5"}}]
[{"passport_label": "4.16-9.0.4-4-8.1", "gen_vectors": [[5, 6, 8, 7, 2, 1, 3, 4, 13, 14, 16, 15, 10, 9, 11, 12], [9, 10, 12, 11, 15, 16, 13, 14, 2, 1, 3, 4, 8, 7, 6, 5], [13, 14, 15, 16, 11, 12, 10, 9, 6, 5, 8, 7, 4, 3, 1, 2]], "total_label": "4.16-9.0.4-4-8.1.1", "cc": [1, 1], "label": "4.16-9.0.4-4-8", "genus": 4, "signature": "[0,4,4,8]", "group": "[16,9]", "_id": {"$oid": "579ba6bc75d28e4971d3ef18"}}, {"passport_label": "4.16-9.0.4-4-8.2", "gen_vectors": [[5, 6, 8, 7, 2, 1, 3, 4, 13, 14, 16, 15, 10, 9, 11, 12], [10, 9, 11, 12, 16, 15, 14, 13, 1, 2, 4, 3, 7, 8, 5, 6], [14, 13, 16, 15, 12, 11, 9, 10, 5, 6, 7, 8, 3, 4, 2, 1]], "total_label": "4.16-9.0.4-4-8.2.1", "cc": [2, 1], "label": "4.16-9.0.4-4-8", "genus": 4, "signature": "[0,4,4,8]", "group": "[16,9]", "_id": {"$oid": "579ba6bd75d28e4971d3ef19"}}]
[{"passport_label": "4.20-5.0.2-10-10.1", "gen_vectors": [[6, 7, 8, 9, 10, 1, 2, 3, 4, 5, 16, 17, 18, 19, 20, 11, 12, 13, 14, 15], [12, 13, 14, 15, 11, 17, 18, 19, 20, 16, 2, 3, 4, 5, 1, 7, 8, 9, 10, 6], [20, 16, 17, 18, 19, 15, 11, 12, 13, 14, 10, 6, 7, 8, 9, 5, 1, 2, 3, 4]], "total_label": "4.20-5.0.2-10-10.1.1", "cc": [1, 1], "label": "4.20-5.0.2-10-10", "genus": 4, "signature": "[0,2,10,10]", "group": "[20,5]", "_id": {"$oid": "579ba6d475d28e4971d3ef49"}}, {"passport_label": "4.20-5.0.2-10-10.2", "gen_vectors": [[6, 7, 8, 9, 10, 1, 2, 3, 4, 5, 16, 17, 18, 19, 20, 11, 12, 13, 14, 15], [14, 15, 11, 12, 13, 19, 20, 16, 17, 18, 4, 5, 1, 2, 3, 9, 10, 6, 7, 8], [18, 19, 20, 16, 17, 13, 14, 15, 11, 12, 8, 9, 10, 6, 7, 3, 4, 5, 1, 2]], "total_label": "4.20-5.0.2-10-10.2.1", "cc": [2, 1], "label": "4.20-5.0.2-10-10", "genus": 4, "signature": "[0,2,10,10]", "group": "[20,5]", "_id": {"$oid": "579ba6d575d28e4971d3ef4a"}}, {"passport_label": "4.20-5.0.2-10-10.3", "gen_vectors": [[6, 7, 8, 9, 10, 1, 2, 3, 4, 5, 16, 17, 18, 19, 20, 11, 12, 13, 14, 15], [13, 14, 15, 11, 12, 18, 19, 20, 16, 17, 3, 4, 5, 1, 2, 8, 9, 10, 6, 7], [19, 20, 16, 17, 18, 14, 15, 11, 12, 13, 9, 10, 6, 7, 8, 4, 5, 1, 2, 3]], "total_label": "4.20-5.0.2-10-10.3.1", "cc": [3, 1], "label": "4.20-5.0.2-10-10", "genus": 4, "signature": "[0,2,10,10]", "group": "[20,5]", "_id": {"$oid": "579ba6d575d28e4971d3ef4b"}}, {"passport_label": "4.20-5.0.2-10-10.4", "gen_vectors": [[6, 7, 8, 9, 10, 1, 2, 3, 4, 5, 16, 17, 18, 19, 20, 11, 12, 13, 14, 15], [15, 11, 12, 13, 14, 20, 16, 17, 18, 19, 5, 1, 2, 3, 4, 10, 6, 7, 8, 9], [17, 18, 19, 20, 16, 12, 13, 14, 15, 11, 7, 8, 9, 10, 6, 2, 3, 4, 5, 1]], "total_label": "4.20-5.0.2-10-10.4.1", "cc": [4, 1], "label": "4.20-5.0.2-10-10", "genus": 4, "signature": "[0,2,10,10]", "group": "[20,5]", "_id": {"$oid": "579ba6d675d28e4971d3ef4c"}}, {"passport_label": "4.20-5.0.2-10-10.5", "gen_vectors": [[11, 12, 13, 14, 15, 16, 17, 18, 19, 20, 1, 2, 3, 4, 5, 6, 7, 8, 9, 10], [7, 8, 9, 10, 6, 2, 3, 4, 5, 1, 17, 18, 19, 20, 16, 12, 13, 14, 15, 11], [20, 16, 17, 18, 19, 15, 11, 12, 13, 14, 10, 6, 7, 8, 9, 5, 1, 2, 3, 4]], "total_label": "4.20-5.0.2-10-10.5.1", "cc": [5, 1], "label": "4.20-5.0.2-10-10", "genus": 4, "signature": "[0,2,10,10]", "group": "[20,5]", "_id": {"$oid": "579ba6d675d28e4971d3ef4d"}}, {"passport_label": "4.20-5.0.2-10-10.6", "gen_vectors": [[11, 12, 13, 14, 15, 16, 17, 18, 19, 20, 1, 2, 3, 4, 5, 6, 7, 8, 9, 10], [9, 10, 6, 7, 8, 4, 5, 1, 2, 3, 19, 20, 16, 17, 18, 14, 15, 11, 12, 13], [18, 19, 20, 16, 17, 13, 14, 15, 11, 12, 8, 9, 10, 6, 7, 3, 4, 5, 1, 2]], "total_label": "4.20-5.0.2-10-10.6.1", "cc": [6, 1], "label": "4.20-5.0.2-10-10", "genus": 4, "signature": "[0,2,10,10]", "group": "[20,5]", "_id": {"$oid": "579ba6d775d28e4971d3ef4e"}}, {"passport_label": "4.20-5.0.2-10-10.7", "gen_vectors": [[11, 12, 13, 14, 15, 16, 17, 18, 19, 20, 1, 2, 3, 4, 5, 6, 7, 8, 9, 10], [8, 9, 10, 6, 7, 3, 4, 5, 1, 2, 18, 19, 20, 16, 17, 13, 14, 15, 11, 12], [19, 20, 16, 17, 18, 14, 15, 11, 12, 13, 9, 10, 6, 7, 8, 4, 5, 1, 2, 3]], "total_label": "4.20-5.0.2-10-10.7.1", "cc": [7, 1], "label": "4.20-5.0.2-10-10", "genus": 4, "signature": "[0,2,10,10]", "group": "[20,5]", "_id": {"$oid": "579ba6d775d28e4971d3ef4f"}}, {"passport_label": "4.20-5.0.2-10-10.8", "gen_vectors": [[11, 12, 13, 14, 15, 16, 17, 18, 19, 20, 1, 2, 3, 4, 5, 6, 7, 8, 9, 10], [10, 6, 7, 8, 9, 5, 1, 2, 3, 4, 20, 16, 17, 18, 19, 15, 11, 12, 13, 14], [17, 18, 19, 20, 16, 12, 13, 14, 15, 11, 7, 8, 9, 10, 6, 2, 3, 4, 5, 1]], "total_label": "4.20-5.0.2-10-10.8.1", "cc": [8, 1], "label": "4.20-5.0.2-10-10", "genus": 4, "signature": "[0,2,10,10]", "group": "[20,5]", "_id": {"$oid": "579ba6d775d28e4971d3ef50"}}, {"passport_label": "4.20-5.0.2-10-10.9", "gen_vectors": [[16, 17, 18, 19, 20, 11, 12, 13, 14, 15, 6, 7, 8, 9, 10, 1, 2, 3, 4, 5], [7, 8, 9, 10, 6, 2, 3, 4, 5, 1, 17, 18, 19, 20, 16, 12, 13, 14, 15, 11], [15, 11, 12, 13, 14, 20, 16, 17, 18, 19, 5, 1, 2, 3, 4, 10, 6, 7, 8, 9]], "total_label": "4.20-5.0.2-10-10.9.1", "cc": [9, 1], "label": "4.20-5.0.2-10-10", "genus": 4, "signature": "[0,2,10,10]", "group": "[20,5]", "_id": {"$oid": "579ba6d875d28e4971d3ef51"}}, {"passport_label": "4.20-5.0.2-10-10.10", "gen_vectors": [[16, 17, 18, 19, 20, 11, 12, 13, 14, 15, 6, 7, 8, 9, 10, 1, 2, 3, 4, 5], [9, 10, 6, 7, 8, 4, 5, 1, 2, 3, 19, 20, 16, 17, 18, 14, 15, 11, 12, 13], [13, 14, 15, 11, 12, 18, 19, 20, 16, 17, 3, 4, 5, 1, 2, 8, 9, 10, 6, 7]], "total_label": "4.20-5.0.2-10-10.10.1", "cc": [10, 1], "label": "4.20-5.0.2-10-10", "genus": 4, "signature": "[0,2,10,10]", "group": "[20,5]", "_id": {"$oid": "579ba6d875d28e4971d3ef52"}}, {"passport_label": "4.20-5.0.2-10-10.11", "gen_vectors": [[16, 17, 18, 19, 20, 11, 12, 13, 14, 15, 6, 7, 8, 9, 10, 1, 2, 3, 4, 5], [8, 9, 10, 6, 7, 3, 4, 5, 1, 2, 18, 19, 20, 16, 17, 13, 14, 15, 11, 12], [14, 15, 11, 12, 13, 19, 20, 16, 17, 18, 4, 5, 1, 2, 3, 9, 10, 6, 7, 8]], "total_label": "4.20-5.0.2-10-10.11.1", "cc": [11, 1], "label": "4.20-5.0.2-10-10", "genus": 4, "signature": "[0,2,10,10]", "group": "[20,5]", "_id": {"$oid": "579ba6d975d28e4971d3ef53"}}, {"passport_label": "4.20-5.0.2-10-10.12", "gen_vectors": [[16, 17, 18, 19, 20, 11, 12, 13, 14, 15, 6, 7, 8, 9, 10, 1, 2, 3, 4, 5], [10, 6, 7, 8, 9, 5, 1, 2, 3, 4, 20, 16, 17, 18, 19, 15, 11, 12, 13, 14], [12, 13, 14, 15, 11, 17, 18, 19, 20, 16, 2, 3, 4, 5, 1, 7, 8, 9, 10, 6]], "total_label": "4.20-5.0.2-10-10.12.1", "cc": [12, 1], "label": "4.20-5.0.2-10-10", "genus": 4, "signature": "[0,2,10,10]", "group": "[20,5]", "_id": {"$oid": "579ba6d975d28e4971d3ef54"}}]
