[{"passport_label": "2.4-2.0.2-2-2-2-2.1", "gen_vectors": [[2, 1, 4, 3], [2, 1, 4, 3], [2, 1, 4, 3], [3, 4, 1, 2], [4, 3, 2, 1]], "total_label": "2.4-2.0.2-2-2-2-2.1.1", "cc": [1, 1], "signature": "[0,2,2,2,2,2]", "label": "2.4-2.0.2-2-2-2-2", "genus": 2, "group": "[4,2]", "_id": {"$oid": "579ba54d75d28e4971d3ed69"}}, {"passport_label": "2.4-2.0.2-2-2-2-2.2", "gen_vectors": [[2, 1, 4, 3], [3, 4, 1, 2], [3, 4, 1, 2], [3, 4, 1, 2], [4, 3, 2, 1]], "total_label": "2.4-2.0.2-2-2-2-2.2.1", "cc": [2, 1], "signature": "[0,2,2,2,2,2]", "label": "2.4-2.0.2-2-2-2-2", "genus": 2, "group": "[4,2]", "_id": {"$oid": "579ba54d75d28e4971d3ed6a"}}, {"passport_label": "2.4-2.0.2-2-2-2-2.3", "gen_vectors": [[2, 1, 4, 3], [3, 4, 1, 2], [4, 3, 2, 1], [4, 3, 2, 1], [4, 3, 2, 1]], "total_label": "2.4-2.0.2-2-2-2-2.3.1", "cc": [3, 1], "signature": "[0,2,2,2,2,2]", "label": "2.4-2.0.2-2-2-2-2", "genus": 2, "group": "[4,2]", "_id": {"$oid": "579ba54e75d28e4971d3ed6b"}}]
[{"passport_label": "3.4-1.0.2-2-2-4-4.1", "gen_vectors": [[2, 1, 4, 3], [2, 1, 4, 3], [2, 1, 4, 3], [3, 4, 2, 1], [3, 4, 2, 1]], "total_label": "3.4-1.0.2-2-2-4-4.1.1", "cc": [1, 1], "signature": "[0,2,2,2,4,4]", "label": "3.4-1.0.2-2-2-4-4", "genus": 3, "group": "[4,1]", "_id": {"$oid": "579ba58275d28e4971d3ed91"}}, {"passport_label": "3.4-1.0.2-2-2-4-4.2", "gen_vectors": [[2, 1, 4, 3], [2, 1, 4, 3], [2, 1, 4, 3], [4, 3, 1, 2], [4, 3, 1, 2]], "total_label": "3.4-1.0.2-2-2-4-4.2.1", "cc": [2, 1], "signature": "[0,2,2,2,4,4]", "label": "3.4-1.0.2-2-2-4-4", "genus": 3, "group": "[4,1]", "_id": {"$oid": "579ba58275d28e4971d3ed92"}}]
[{"passport_label": "3.12-4.0.2-2-2-6.1", "gen_vectors": [[4, 5, 6, 1, 2, 3, 10, 11, 12, 7, 8, 9], [7, 9, 8, 10, 12, 11, 1, 3, 2, 4, 6, 5], [9, 8, 7, 12, 11, 10, 3, 2, 1, 6, 5, 4], [5, 6, 4, 2, 3, 1, 11, 12, 10, 8, 9, 7]], "total_label": "3.12-4.0.2-2-2-6.1.1", "cc": [1, 1], "signature": "[0,2,2,2,6]", "label": "3.12-4.0.2-2-2-6", "genus": 3, "group": "[12,4]", "_id": {"$oid": "579ba59f75d28e4971d3edcd"}}, {"passport_label": "3.12-4.0.2-2-2-6.2", "gen_vectors": [[4, 5, 6, 1, 2, 3, 10, 11, 12, 7, 8, 9], [10, 12, 11, 7, 9, 8, 4, 6, 5, 1, 3, 2], [12, 11, 10, 9, 8, 7, 6, 5, 4, 3, 2, 1], [5, 6, 4, 2, 3, 1, 11, 12, 10, 8, 9, 7]], "total_label": "3.12-4.0.2-2-2-6.2.1", "cc": [2, 1], "signature": "[0,2,2,2,6]", "label": "3.12-4.0.2-2-2-6", "genus": 3, "group": "[12,4]", "_id": {"$oid": "579ba5a075d28e4971d3edce"}}]
[{"passport_label": "3.24-12.0.2-2-2-3.1", "gen_vectors": [[2, 1, 4, 3, 6, 5, 8, 7, 10, 9, 12, 11, 14, 13, 16, 15, 18, 17, 20, 19, 22, 21, 24, 23], [13, 15, 14, 16, 21, 23, 22, 24, 17, 19, 18, 20, 1, 3, 2, 4, 9, 11, 10, 12, 5, 7, 6, 8], [21, 24, 23, 22, 17, 20, 19, 18, 13, 16, 15, 14, 9, 12, 11, 10, 5, 8, 7, 6, 1, 4, 3, 2], [6, 7, 5, 8, 10, 11, 9, 12, 2, 3, 1, 4, 18, 19, 17, 20, 22, 23, 21, 24, 14, 15, 13, 16]], "total_label": "3.24-12.0.2-2-2-3.1.1", "cc": [1, 1], "label": "3.24-12.0.2-2-2-3", "genus": 3, "signature": "[0,2,2,2,3]", "group": "[24,12]", "_id": {"$oid": "579ba5aa75d28e4971d3ede3"}}, {"passport_label": "3.24-12.0.2-2-2-3.1", "gen_vectors": [[2, 1, 4, 3, 6, 5, 8, 7, 10, 9, 12, 11, 14, 13, 16, 15, 18, 17, 20, 19, 22, 21, 24, 23], [13, 15, 14, 16, 21, 23, 22, 24, 17, 19, 18, 20, 1, 3, 2, 4, 9, 11, 10, 12, 5, 7, 6, 8], [17, 18, 20, 19, 13, 14, 16, 15, 21, 22, 24, 23, 5, 6, 8, 7, 1, 2, 4, 3, 9, 10, 12, 11], [10, 12, 11, 9, 2, 4, 3, 1, 6, 8, 7, 5, 22, 24, 23, 21, 14, 16, 15, 13, 18, 20, 19, 17]], "total_label": "3.24-12.0.2-2-2-3.1.2", "cc": [1, 2], "label": "3.24-12.0.2-2-2-3", "genus": 3, "signature": "[0,2,2,2,3]", "group": "[24,12]", "_id": {"$oid": "579ba5aa75d28e4971d3ede4"}}, {"passport_label": "3.24-12.0.2-2-2-3.1", "gen_vectors": [[2, 1, 4, 3, 6, 5, 8, 7, 10, 9, 12, 11, 14, 13, 16, 15, 18, 17, 20, 19, 22, 21, 24, 23], [17, 18, 20, 19, 13, 14, 16, 15, 21, 22, 24, 23, 5, 6, 8, 7, 1, 2, 4, 3, 9, 10, 12, 11], [13, 15, 14, 16, 21, 23, 22, 24, 17, 19, 18, 20, 1, 3, 2, 4, 9, 11, 10, 12, 5, 7, 6, 8], [6, 7, 5, 8, 10, 11, 9, 12, 2, 3, 1, 4, 18, 19, 17, 20, 22, 23, 21, 24, 14, 15, 13, 16]], "total_label": "3.24-12.0.2-2-2-3.1.3", "cc": [1, 3], "label": "3.24-12.0.2-2-2-3", "genus": 3, "signature": "[0,2,2,2,3]", "group": "[24,12]", "_id": {"$oid": "579ba5aa75d28e4971d3ede5"}}]
[{"passport_label": "3.48-33.0.2-3-12.1", "gen_vectors": [[27, 28, 26, 25, 31, 32, 30, 29, 35, 36, 34, 33, 39, 40, 38, 37, 43, 44, 42, 41, 47, 48, 46, 45, 4, 3, 1, 2, 8, 7, 5, 6, 12, 11, 9, 10, 16, 15, 13, 14, 20, 19, 17, 18, 24, 23, 21, 22], [15, 16, 10, 9, 13, 14, 12, 11, 23, 24, 18, 17, 21, 22, 20, 19, 7, 8, 2, 1, 5, 6, 4, 3, 39, 40, 34, 33, 37, 38, 36, 35, 47, 48, 42, 41, 45, 46, 44, 43, 31, 32, 26, 25, 29, 30, 28, 27], [41, 42, 45, 46, 47, 48, 43, 44, 25, 26, 29, 30, 31, 32, 27, 28, 33, 34, 37, 38, 39, 40, 35, 36, 18, 17, 22, 21, 24, 23, 20, 19, 2, 1, 6, 5, 8, 7, 4, 3, 10, 9, 14, 13, 16, 15, 12, 11]], "total_label": "3.48-33.0.2-3-12.1.1", "cc": [1, 1], "label": "3.48-33.0.2-3-12", "genus": 3, "signature": "[0,2,3,12]", "group": "[48,33]", "_id": {"$oid": "579ba5b075d28e4971d3edf0"}}, {"passport_label": "3.48-33.0.2-3-12.2", "gen_vectors": [[27, 28, 26, 25, 31, 32, 30, 29, 35, 36, 34, 33, 39, 40, 38, 37, 43, 44, 42, 41, 47, 48, 46, 45, 4, 3, 1, 2, 8, 7, 5, 6, 12, 11, 9, 10, 16, 15, 13, 14, 20, 19, 17, 18, 24, 23, 21, 22], [9, 10, 15, 16, 11, 12, 13, 14, 17, 18, 23, 24, 19, 20, 21, 22, 1, 2, 7, 8, 3, 4, 5, 6, 33, 34, 39, 40, 35, 36, 37, 38, 41, 42, 47, 48, 43, 44, 45, 46, 25, 26, 31, 32, 27, 28, 29, 30], [43, 44, 47, 48, 46, 45, 42, 41, 27, 28, 31, 32, 30, 29, 26, 25, 35, 36, 39, 40, 38, 37, 34, 33, 20, 19, 24, 23, 21, 22, 17, 18, 4, 3, 8, 7, 5, 6, 1, 2, 12, 11, 16, 15, 13, 14, 9, 10]], "total_label": "3.48-33.0.2-3-12.2.1", "cc": [2, 1], "label": "3.48-33.0.2-3-12", "genus": 3, "signature": "[0,2,3,12]", "group": "[48,33]", "_id": {"$oid": "579ba5b075d28e4971d3edf1"}}, {"passport_label": "3.48-33.0.2-3-12.3", "gen_vectors": [[27, 28, 26, 25, 31, 32, 30, 29, 35, 36, 34, 33, 39, 40, 38, 37, 43, 44, 42, 41, 47, 48, 46, 45, 4, 3, 1, 2, 8, 7, 5, 6, 12, 11, 9, 10, 16, 15, 13, 14, 20, 19, 17, 18, 24, 23, 21, 22], [17, 18, 21, 22, 23, 24, 19, 20, 1, 2, 5, 6, 7, 8, 3, 4, 9, 10, 13, 14, 15, 16, 11, 12, 41, 42, 45, 46, 47, 48, 43, 44, 25, 26, 29, 30, 31, 32, 27, 28, 33, 34, 37, 38, 39, 40, 35, 36], [35, 36, 38, 37, 34, 33, 39, 40, 43, 44, 46, 45, 42, 41, 47, 48, 27, 28, 30, 29, 26, 25, 31, 32, 12, 11, 13, 14, 9, 10, 16, 15, 20, 19, 21, 22, 17, 18, 24, 23, 4, 3, 5, 6, 1, 2, 8, 7]], "total_label": "3.48-33.0.2-3-12.3.1", "cc": [3, 1], "label": "3.48-33.0.2-3-12", "genus": 3, "signature": "[0,2,3,12]", "group": "[48,33]", "_id": {"$oid": "579ba5b175d28e4971d3edf2"}}, {"passport_label": "3.48-33.0.2-3-12.4", "gen_vectors": [[27, 28, 26, 25, 31, 32, 30, 29, 35, 36, 34, 33, 39, 40, 38, 37, 43, 44, 42, 41, 47, 48, 46, 45, 4, 3, 1, 2, 8, 7, 5, 6, 12, 11, 9, 10, 16, 15, 13, 14, 20, 19, 17, 18, 24, 23, 21, 22], [20, 19, 24, 23, 21, 22, 17, 18, 4, 3, 8, 7, 5, 6, 1, 2, 12, 11, 16, 15, 13, 14, 9, 10, 44, 43, 48, 47, 45, 46, 41, 42, 28, 27, 32, 31, 29, 30, 25, 26, 36, 35, 40, 39, 37, 38, 33, 34], [38, 37, 36, 35, 39, 40, 33, 34, 46, 45, 44, 43, 47, 48, 41, 42, 30, 29, 28, 27, 31, 32, 25, 26, 13, 14, 11, 12, 16, 15, 10, 9, 21, 22, 19, 20, 24, 23, 18, 17, 5, 6, 3, 4, 8, 7, 2, 1]], "total_label": "3.48-33.0.2-3-12.4.1", "cc": [4, 1], "label": "3.48-33.0.2-3-12", "genus": 3, "signature": "[0,2,3,12]", "group": "[48,33]", "_id": {"$oid": "579ba5b175d28e4971d3edf3"}}]
[{"passport_label": "3.16-2.0.4-4-4.1", "gen_vectors": [[5, 6, 7, 8, 2, 1, 4, 3, 13, 14, 15, 16, 10, 9, 12, 11], [9, 10, 11, 12, 13, 14, 15, 16, 3, 4, 1, 2, 7, 8, 5, 6], [16, 15, 14, 13, 11, 12, 9, 10, 6, 5, 8, 7, 1, 2, 3, 4]], "total_label": "3.16-2.0.4-4-4.1.1", "cc": [1, 1], "label": "3.16-2.0.4-4-4", "genus": 3, "signature": "[0,4,4,4]", "group": "[16,2]", "_id": {"$oid": "579ba5c575d28e4971d3ee1c"}}, {"passport_label": "3.16-2.0.4-4-4.2", "gen_vectors": [[5, 6, 7, 8, 2, 1, 4, 3, 13, 14, 15, 16, 10, 9, 12, 11], [11, 12, 9, 10, 15, 16, 13, 14, 1, 2, 3, 4, 5, 6, 7, 8], [14, 13, 16, 15, 9, 10, 11, 12, 8, 7, 6, 5, 3, 4, 1, 2]], "total_label": "3.16-2.0.4-4-4.2.1", "cc": [2, 1], "label": "3.16-2.0.4-4-4", "genus": 3, "signature": "[0,4,4,4]", "group": "[16,2]", "_id": {"$oid": "579ba5c575d28e4971d3ee1d"}}, {"passport_label": "3.16-2.0.4-4-4.3", "gen_vectors": [[5, 6, 7, 8, 2, 1, 4, 3, 13, 14, 15, 16, 10, 9, 12, 11], [10, 9, 12, 11, 14, 13, 16, 15, 4, 3, 2, 1, 8, 7, 6, 5], [15, 16, 13, 14, 12, 11, 10, 9, 5, 6, 7, 8, 2, 1, 4, 3]], "total_label": "3.16-2.0.4-4-4.3.1", "cc": [3, 1], "label": "3.16-2.0.4-4-4", "genus": 3, "signature": "[0,4,4,4]", "group": "[16,2]", "_id": {"$oid": "579ba5c675d28e4971d3ee1e"}}, {"passport_label": "3.16-2.0.4-4-4.4", "gen_vectors": [[5, 6, 7, 8, 2, 1, 4, 3, 13, 14, 15, 16, 10, 9, 12, 11], [12, 11, 10, 9, 16, 15, 14, 13, 2, 1, 4, 3, 6, 5, 8, 7], [13, 14, 15, 16, 10, 9, 12, 11, 7, 8, 5, 6, 4, 3, 2, 1]], "total_label": "3.16-2.0.4-4-4.4.1", "cc": [4, 1], "label": "3.16-2.0.4-4-4", "genus": 3, "signature": "[0,4,4,4]", "group": "[16,2]", "_id": {"$oid": "579ba5c675d28e4971d3ee1f"}}, {"passport_label": "3.16-2.0.4-4-4.5", "gen_vectors": [[6, 5, 8, 7, 1, 2, 3, 4, 14, 13, 16, 15, 9, 10, 11, 12], [9, 10, 11, 12, 13, 14, 15, 16, 3, 4, 1, 2, 7, 8, 5, 6], [15, 16, 13, 14, 12, 11, 10, 9, 5, 6, 7, 8, 2, 1, 4, 3]], "total_label": "3.16-2.0.4-4-4.5.1", "cc": [5, 1], "label": "3.16-2.0.4-4-4", "genus": 3, "signature": "[0,4,4,4]", "group": "[16,2]", "_id": {"$oid": "579ba5c775d28e4971d3ee20"}}, {"passport_label": "3.16-2.0.4-4-4.6", "gen_vectors": [[6, 5, 8, 7, 1, 2, 3, 4, 14, 13, 16, 15, 9, 10, 11, 12], [11, 12, 9, 10, 15, 16, 13, 14, 1, 2, 3, 4, 5, 6, 7, 8], [13, 14, 15, 16, 10, 9, 12, 11, 7, 8, 5, 6, 4, 3, 2, 1]], "total_label": "3.16-2.0.4-4-4.6.1", "cc": [6, 1], "label": "3.16-2.0.4-4-4", "genus": 3, "signature": "[0,4,4,4]", "group": "[16,2]", "_id": {"$oid": "579ba5c875d28e4971d3ee21"}}, {"passport_label": "3.16-2.0.4-4-4.7", "gen_vectors": [[6, 5, 8, 7, 1, 2, 3, 4, 14, 13, 16, 15, 9, 10, 11, 12], [10, 9, 12, 11, 14, 13, 16, 15, 4, 3, 2, 1, 8, 7, 6, 5], [16, 15, 14, 13, 11, 12, 9, 10, 6, 5, 8, 7, 1, 2, 3, 4]], "total_label": "3.16-2.0.4-4-4.7.1", "cc": [7, 1], "label": "3.16-2.0.4-4-4", "genus": 3, "signature": "[0,4,4,4]", "group": "[16,2]", "_id": {"$oid": "579ba5c875d28e4971d3ee22"}}, {"passport_label": "3.16-2.0.4-4-4.8", "gen_vectors": [[6, 5, 8, 7, 1, 2, 3, 4, 14, 13, 16, 15, 9, 10, 11, 12], [12, 11, 10, 9, 16, 15, 14, 13, 2, 1, 4, 3, 6, 5, 8, 7], [14, 13, 16, 15, 9, 10, 11, 12, 8, 7, 6, 5, 3, 4, 1, 2]], "total_label": "3.16-2.0.4-4-4.8.1", "cc": [8, 1], "label": "3.16-2.0.4-4-4", "genus": 3, "signature": "[0,4,4,4]", "group": "[16,2]", "_id": {"$oid": "579ba5c875d28e4971d3ee23"}}, {"passport_label": "3.16-2.0.4-4-4.9", "gen_vectors": [[7, 8, 5, 6, 4, 3, 2, 1, 15, 16, 13, 14, 12, 11, 10, 9], [9, 10, 11, 12, 13, 14, 15, 16, 3, 4, 1, 2, 7, 8, 5, 6], [14, 13, 16, 15, 9, 10, 11, 12, 8, 7, 6, 5, 3, 4, 1, 2]], "total_label": "3.16-2.0.4-4-4.9.1", "cc": [9, 1], "label": "3.16-2.0.4-4-4", "genus": 3, "signature": "[0,4,4,4]", "group": "[16,2]", "_id": {"$oid": "579ba5c975d28e4971d3ee24"}}, {"passport_label": "3.16-2.0.4-4-4.10", "gen_vectors": [[7, 8, 5, 6, 4, 3, 2, 1, 15, 16, 13, 14, 12, 11, 10, 9], [11, 12, 9, 10, 15, 16, 13, 14, 1, 2, 3, 4, 5, 6, 7, 8], [16, 15, 14, 13, 11, 12, 9, 10, 6, 5, 8, 7, 1, 2, 3, 4]], "total_label": "3.16-2.0.4-4-4.10.1", "cc": [10, 1], "label": "3.16-2.0.4-4-4", "genus": 3, "signature": "[0,4,4,4]", "group": "[16,2]", "_id": {"$oid": "579ba5c975d28e4971d3ee25"}}, {"passport_label": "3.16-2.0.4-4-4.11", "gen_vectors": [[7, 8, 5, 6, 4, 3, 2, 1, 15, 16, 13, 14, 12, 11, 10, 9], [10, 9, 12, 11, 14, 13, 16, 15, 4, 3, 2, 1, 8, 7, 6, 5], [13, 14, 15, 16, 10, 9, 12, 11, 7, 8, 5, 6, 4, 3, 2, 1]], "total_label": "3.16-2.0.4-4-4.11.1", "cc": [11, 1], "label": "3.16-2.0.4-4-4", "genus": 3, "signature": "[0,4,4,4]", "group": "[16,2]", "_id": {"$oid": "579ba5ca75d28e4971d3ee26"}}, {"passport_label": "3.16-2.0.4-4-4.12", "gen_vectors": [[7, 8, 5, 6, 4, 3, 2, 1, 15, 16, 13, 14, 12, 11, 10, 9], [12, 11, 10, 9, 16, 15, 14, 13, 2, 1, 4, 3, 6, 5, 8, 7], [15, 16, 13, 14, 12, 11, 10, 9, 5, 6, 7, 8, 2, 1, 4, 3]], "total_label": "3.16-2.0.4-4-4.12.1", "cc": [12, 1], "label": "3.16-2.0.4-4-4", "genus": 3, "signature": "[0,4,4,4]", "group": "[16,2]", "_id": {"$oid": "579ba5ca75d28e4971d3ee27"}}, {"passport_label": "3.16-2.0.4-4-4.13", "gen_vectors": [[8, 7, 6, 5, 3, 4, 1, 2, 16, 15, 14, 13, 11, 12, 9, 10], [9, 10, 11, 12, 13, 14, 15, 16, 3, 4, 1, 2, 7, 8, 5, 6], [13, 14, 15, 16, 10, 9, 12, 11, 7, 8, 5, 6, 4, 3, 2, 1]], "total_label": "3.16-2.0.4-4-4.13.1", "cc": [13, 1], "label": "3.16-2.0.4-4-4", "genus": 3, "signature": "[0,4,4,4]", "group": "[16,2]", "_id": {"$oid": "579ba5cb75d28e4971d3ee28"}}, {"passport_label": "3.16-2.0.4-4-4.14", "gen_vectors": [[8, 7, 6, 5, 3, 4, 1, 2, 16, 15, 14, 13, 11, 12, 9, 10], [11, 12, 9, 10, 15, 16, 13, 14, 1, 2, 3, 4, 5, 6, 7, 8], [15, 16, 13, 14, 12, 11, 10, 9, 5, 6, 7, 8, 2, 1, 4, 3]], "total_label": "3.16-2.0.4-4-4.14.1", "cc": [14, 1], "label": "3.16-2.0.4-4-4", "genus": 3, "signature": "[0,4,4,4]", "group": "[16,2]", "_id": {"$oid": "579ba5cb75d28e4971d3ee29"}}, {"passport_label": "3.16-2.0.4-4-4.15", "gen_vectors": [[8, 7, 6, 5, 3, 4, 1, 2, 16, 15, 14, 13, 11, 12, 9, 10], [10, 9, 12, 11, 14, 13, 16, 15, 4, 3, 2, 1, 8, 7, 6, 5], [14, 13, 16, 15, 9, 10, 11, 12, 8, 7, 6, 5, 3, 4, 1, 2]], "total_label": "3.16-2.0.4-4-4.15.1", "cc": [15, 1], "label": "3.16-2.0.4-4-4", "genus": 3, "signature": "[0,4,4,4]", "group": "[16,2]", "_id": {"$oid": "579ba5cc75d28e4971d3ee2a"}}, {"passport_label": "3.16-2.0.4-4-4.16", "gen_vectors": [[8, 7, 6, 5, 3, 4, 1, 2, 16, 15, 14, 13, 11, 12, 9, 10], [12, 11, 10, 9, 16, 15, 14, 13, 2, 1, 4, 3, 6, 5, 8, 7], [16, 15, 14, 13, 11, 12, 9, 10, 6, 5, 8, 7, 1, 2, 3, 4]], "total_label": "3.16-2.0.4-4-4.16.1", "cc": [16, 1], "label": "3.16-2.0.4-4-4", "genus": 3, "signature": "[0,4,4,4]", "group": "[16,2]", "_id": {"$oid": "579ba5cc75d28e4971d3ee2b"}}]
[{"passport_label": "4.20-4.0.2-2-2-5.1", "gen_vectors": [[6, 7, 8, 9, 10, 1, 2, 3, 4, 5, 16, 17, 18, 19, 20, 11, 12, 13, 14, 15], [11, 15, 14, 13, 12, 16, 20, 19, 18, 17, 1, 5, 4, 3, 2, 6, 10, 9, 8, 7], [20, 19, 18, 17, 16, 15, 14, 13, 12, 11, 10, 9, 8, 7, 6, 5, 4, 3, 2, 1], [2, 3, 4, 5, 1, 7, 8, 9, 10, 6, 12, 13, 14, 15, 11, 17, 18, 19, 20, 16]], "total_label": "4.20-4.0.2-2-2-5.1.1", "cc": [1, 1], "signature": "[0,2,2,2,5]", "label": "4.20-4.0.2-2-2-5", "genus": 4, "group": "[20,4]", "_id": {"$oid": "579ba69575d28e4971d3eec6"}}, {"passport_label": "4.20-4.0.2-2-2-5.2", "gen_vectors": [[6, 7, 8, 9, 10, 1, 2, 3, 4, 5, 16, 17, 18, 19, 20, 11, 12, 13, 14, 15], [11, 15, 14, 13, 12, 16, 20, 19, 18, 17, 1, 5, 4, 3, 2, 6, 10, 9, 8, 7], [18, 17, 16, 20, 19, 13, 12, 11, 15, 14, 8, 7, 6, 10, 9, 3, 2, 1, 5, 4], [4, 5, 1, 2, 3, 9, 10, 6, 7, 8, 14, 15, 11, 12, 13, 19, 20, 16, 17, 18]], "total_label": "4.20-4.0.2-2-2-5.2.1", "cc": [2, 1], "signature": "[0,2,2,2,5]", "label": "4.20-4.0.2-2-2-5", "genus": 4, "group": "[20,4]", "_id": {"$oid": "579ba69575d28e4971d3eec7"}}]
[{"passport_label": "4.36-10.0.2-2-2-3.1", "gen_vectors": [[10, 11, 12, 16, 17, 18, 13, 14, 15, 1, 2, 3, 7, 8, 9, 4, 5, 6, 28, 29, 30, 34, 35, 36, 31, 32, 33, 19, 20, 21, 25, 26, 27, 22, 23, 24], [19, 21, 20, 22, 24, 23, 25, 27, 26, 28, 30, 29, 31, 33, 32, 34, 36, 35, 1, 3, 2, 4, 6, 5, 7, 9, 8, 10, 12, 11, 13, 15, 14, 16, 18, 17], [36, 35, 34, 33, 32, 31, 30, 29, 28, 27, 26, 25, 24, 23, 22, 21, 20, 19, 18, 17, 16, 15, 14, 13, 12, 11, 10, 9, 8, 7, 6, 5, 4, 3, 2, 1], [5, 6, 4, 8, 9, 7, 2, 3, 1, 14, 15, 13, 17, 18, 16, 11, 12, 10, 23, 24, 22, 26, 27, 25, 20, 21, 19, 32, 33, 31, 35, 36, 34, 29, 30, 28]], "total_label": "4.36-10.0.2-2-2-3.1.1", "cc": [1, 1], "label": "4.36-10.0.2-2-2-3", "genus": 4, "signature": "[0,2,2,2,3]", "group": "[36,10]", "_id": {"$oid": "579ba69d75d28e4971d3eed6"}}]
[{"passport_label": "4.72-42.0.2-3-12.1", "gen_vectors": [[37, 39, 38, 40, 45, 47, 46, 48, 41, 43, 42, 44, 49, 51, 50, 52, 57, 59, 58, 60, 53, 55, 54, 56, 61, 63, 62, 64, 69, 71, 70, 72, 65, 67, 66, 68, 1, 3, 2, 4, 9, 11, 10, 12, 5, 7, 6, 8, 13, 15, 14, 16, 21, 23, 22, 24, 17, 19, 18, 20, 25, 27, 26, 28, 33, 35, 34, 36, 29, 31, 30, 32], [19, 18, 20, 17, 23, 22, 24, 21, 15, 14, 16, 13, 31, 30, 32, 29, 35, 34, 36, 33, 27, 26, 28, 25, 7, 6, 8, 5, 11, 10, 12, 9, 3, 2, 4, 1, 55, 54, 56, 53, 59, 58, 60, 57, 51, 50, 52, 49, 67, 66, 68, 65, 71, 70, 72, 69, 63, 62, 64, 61, 43, 42, 44, 41, 47, 46, 48, 45, 39, 38, 40, 37], [68, 67, 65, 66, 64, 63, 61, 62, 72, 71, 69, 70, 44, 43, 41, 42, 40, 39, 37, 38, 48, 47, 45, 46, 56, 55, 53, 54, 52, 51, 49, 50, 60, 59, 57, 58, 32, 31, 29, 30, 28, 27, 25, 26, 36, 35, 33, 34, 8, 7, 5, 6, 4, 3, 1, 2, 12, 11, 9, 10, 20, 19, 17, 18, 16, 15, 13, 14, 24, 23, 21, 22]], "total_label": "4.72-42.0.2-3-12.1.1", "cc": [1, 1], "label": "4.72-42.0.2-3-12", "genus": 4, "signature": "[0,2,3,12]", "group": "[72,42]", "_id": {"$oid": "579ba6a075d28e4971d3eedd"}}, {"passport_label": "4.72-42.0.2-3-12.2", "gen_vectors": [[37, 39, 38, 40, 45, 47, 46, 48, 41, 43, 42, 44, 49, 51, 50, 52, 57, 59, 58, 60, 53, 55, 54, 56, 61, 63, 62, 64, 69, 71, 70, 72, 65, 67, 66, 68, 1, 3, 2, 4, 9, 11, 10, 12, 5, 7, 6, 8, 13, 15, 14, 16, 21, 23, 22, 24, 17, 19, 18, 20, 25, 27, 26, 28, 33, 35, 34, 36, 29, 31, 30, 32], [36, 34, 33, 35, 28, 26, 25, 27, 32, 30, 29, 31, 12, 10, 9, 11, 4, 2, 1, 3, 8, 6, 5, 7, 24, 22, 21, 23, 16, 14, 13, 15, 20, 18, 17, 19, 72, 70, 69, 71, 64, 62, 61, 63, 68, 66, 65, 67, 48, 46, 45, 47, 40, 38, 37, 39, 44, 42, 41, 43, 60, 58, 57, 59, 52, 50, 49, 51, 56, 54, 53, 55], [58, 59, 60, 57, 54, 55, 56, 53, 50, 51, 52, 49, 70, 71, 72, 69, 66, 67, 68, 65, 62, 63, 64, 61, 46, 47, 48, 45, 42, 43, 44, 41, 38, 39, 40, 37, 22, 23, 24, 21, 18, 19, 20, 17, 14, 15, 16, 13, 34, 35, 36, 33, 30, 31, 32, 29, 26, 27, 28, 25, 10, 11, 12, 9, 6, 7, 8, 5, 2, 3, 4, 1]], "total_label": "4.72-42.0.2-3-12.2.1", "cc": [2, 1], "label": "4.72-42.0.2-3-12", "genus": 4, "signature": "[0,2,3,12]", "group": "[72,42]", "_id": {"$oid": "579ba6a075d28e4971d3eede"}}]
[{"passport_label": "4.9-2.0.3-3-3-3.1", "gen_vectors": [[2, 3, 1, 5, 6, 4, 8, 9, 7], [2, 3, 1, 5, 6, 4, 8, 9, 7], [4, 5, 6, 7, 8, 9, 1, 2, 3], [8, 9, 7, 2, 3, 1, 5, 6, 4]], "total_label": "4.9-2.0.3-3-3-3.1.1", "cc": [1, 1], "label": "4.9-2.0.3-3-3-3", "genus": 4, "signature": "[0,3,3,3,3]", "group": "[9,2]", "_id": {"$oid": "579ba6a775d28e4971d3eeec"}}, {"passport_label": "4.9-2.0.3-3-3-3.2", "gen_vectors": [[2, 3, 1, 5, 6, 4, 8, 9, 7], [2, 3, 1, 5, 6, 4, 8, 9, 7], [7, 8, 9, 1, 2, 3, 4, 5, 6], [5, 6, 4, 8, 9, 7, 2, 3, 1]], "total_label": "4.9-2.0.3-3-3-3.2.1", "cc": [2, 1], "label": "4.9-2.0.3-3-3-3", "genus": 4, "signature": "[0,3,3,3,3]", "group": "[9,2]", "_id": {"$oid": "579ba6a875d28e4971d3eeed"}}, {"passport_label": "4.9-2.0.3-3-3-3.3", "gen_vectors": [[2, 3, 1, 5, 6, 4, 8, 9, 7], [2, 3, 1, 5, 6, 4, 8, 9, 7], [9, 7, 8, 3, 1, 2, 6, 4, 5], [6, 4, 5, 9, 7, 8, 3, 1, 2]], "total_label": "4.9-2.0.3-3-3-3.3.1", "cc": [3, 1], "label": "4.9-2.0.3-3-3-3", "genus": 4, "signature": "[0,3,3,3,3]", "group": "[9,2]", "_id": {"$oid": "579ba6a875d28e4971d3eeee"}}, {"passport_label": "4.9-2.0.3-3-3-3.4", "gen_vectors": [[2, 3, 1, 5, 6, 4, 8, 9, 7], [3, 1, 2, 6, 4, 5, 9, 7, 8], [4, 5, 6, 7, 8, 9, 1, 2, 3], [7, 8, 9, 1, 2, 3, 4, 5, 6]], "total_label": "4.9-2.0.3-3-3-3.4.1", "cc": [4, 1], "label": "4.9-2.0.3-3-3-3", "genus": 4, "signature": "[0,3,3,3,3]", "group": "[9,2]", "_id": {"$oid": "579ba6a875d28e4971d3eeef"}}, {"passport_label": "4.9-2.0.3-3-3-3.5", "gen_vectors": [[2, 3, 1, 5, 6, 4, 8, 9, 7], [3, 1, 2, 6, 4, 5, 9, 7, 8], [5, 6, 4, 8, 9, 7, 2, 3, 1], [9, 7, 8, 3, 1, 2, 6, 4, 5]], "total_label": "4.9-2.0.3-3-3-3.5.1", "cc": [5, 1], "label": "4.9-2.0.3-3-3-3", "genus": 4, "signature": "[0,3,3,3,3]", "group": "[9,2]", "_id": {"$oid": "579ba6a975d28e4971d3eef0"}}, {"passport_label": "4.9-2.0.3-3-3-3.6", "gen_vectors": [[2, 3, 1, 5, 6, 4, 8, 9, 7], [3, 1, 2, 6, 4, 5, 9, 7, 8], [6, 4, 5, 9, 7, 8, 3, 1, 2], [8, 9, 7, 2, 3, 1, 5, 6, 4]], "total_label": "4.9-2.0.3-3-3-3.6.1", "cc": [6, 1], "label": "4.9-2.0.3-3-3-3", "genus": 4, "signature": "[0,3,3,3,3]", "group": "[9,2]", "_id": {"$oid": "579ba6a975d28e4971d3eef1"}}, {"passport_label": "4.9-2.0.3-3-3-3.7", "gen_vectors": [[2, 3, 1, 5, 6, 4, 8, 9, 7], [4, 5, 6, 7, 8, 9, 1, 2, 3], [4, 5, 6, 7, 8, 9, 1, 2, 3], [6, 4, 5, 9, 7, 8, 3, 1, 2]], "total_label": "4.9-2.0.3-3-3-3.7.1", "cc": [7, 1], "label": "4.9-2.0.3-3-3-3", "genus": 4, "signature": "[0,3,3,3,3]", "group": "[9,2]", "_id": {"$oid": "579ba6aa75d28e4971d3eef2"}}, {"passport_label": "4.9-2.0.3-3-3-3.8", "gen_vectors": [[2, 3, 1, 5, 6, 4, 8, 9, 7], [4, 5, 6, 7, 8, 9, 1, 2, 3], [5, 6, 4, 8, 9, 7, 2, 3, 1], [5, 6, 4, 8, 9, 7, 2, 3, 1]], "total_label": "4.9-2.0.3-3-3-3.8.1", "cc": [8, 1], "label": "4.9-2.0.3-3-3-3", "genus": 4, "signature": "[0,3,3,3,3]", "group": "[9,2]", "_id": {"$oid": "579ba6aa75d28e4971d3eef3"}}, {"passport_label": "4.9-2.0.3-3-3-3.9", "gen_vectors": [[2, 3, 1, 5, 6, 4, 8, 9, 7], [7, 8, 9, 1, 2, 3, 4, 5, 6], [7, 8, 9, 1, 2, 3, 4, 5, 6], [9, 7, 8, 3, 1, 2, 6, 4, 5]], "total_label": "4.9-2.0.3-3-3-3.9.1", "cc": [9, 1], "label": "4.9-2.0.3-3-3-3", "genus": 4, "signature": "[0,3,3,3,3]", "group": "[9,2]", "_id": {"$oid": "579ba6ab75d28e4971d3eef4"}}, {"passport_label": "4.9-2.0.3-3-3-3.10", "gen_vectors": [[2, 3, 1, 5, 6, 4, 8, 9, 7], [7, 8, 9, 1, 2, 3, 4, 5, 6], [8, 9, 7, 2, 3, 1, 5, 6, 4], [8, 9, 7, 2, 3, 1, 5, 6, 4]], "total_label": "4.9-2.0.3-3-3-3.10.1", "cc": [10, 1], "label": "4.9-2.0.3-3-3-3", "genus": 4, "signature": "[0,3,3,3,3]", "group": "[9,2]", "_id": {"$oid": "579ba6ab75d28e4971d3eef5"}}, {"passport_label": "4.9-2.0.3-3-3-3.11", "gen_vectors": [[2, 3, 1, 5, 6, 4, 8, 9, 7], [5, 6, 4, 8, 9, 7, 2, 3, 1], [6, 4, 5, 9, 7, 8, 3, 1, 2], [6, 4, 5, 9, 7, 8, 3, 1, 2]], "total_label": "4.9-2.0.3-3-3-3.11.1", "cc": [11, 1], "label": "4.9-2.0.3-3-3-3", "genus": 4, "signature": "[0,3,3,3,3]", "group": "[9,2]", "_id": {"$oid": "579ba6ac75d28e4971d3eef6"}}, {"passport_label": "4.9-2.0.3-3-3-3.12", "gen_vectors": [[2, 3, 1, 5, 6, 4, 8, 9, 7], [9, 7, 8, 3, 1, 2, 6, 4, 5], [9, 7, 8, 3, 1, 2, 6, 4, 5], [8, 9, 7, 2, 3, 1, 5, 6, 4]], "total_label": "4.9-2.0.3-3-3-3.12.1", "cc": [12, 1], "label": "4.9-2.0.3-3-3-3", "genus": 4, "signature": "[0,3,3,3,3]", "group": "[9,2]", "_id": {"$oid": "579ba6ac75d28e4971d3eef7"}}, {"passport_label": "4.9-2.0.3-3-3-3.13", "gen_vectors": [[3, 1, 2, 6, 4, 5, 9, 7, 8], [3, 1, 2, 6, 4, 5, 9, 7, 8], [4, 5, 6, 7, 8, 9, 1, 2, 3], [9, 7, 8, 3, 1, 2, 6, 4, 5]], "total_label": "4.9-2.0.3-3-3-3.13.1", "cc": [13, 1], "label": "4.9-2.0.3-3-3-3", "genus": 4, "signature": "[0,3,3,3,3]", "group": "[9,2]", "_id": {"$oid": "579ba6ad75d28e4971d3eef8"}}, {"passport_label": "4.9-2.0.3-3-3-3.14", "gen_vectors": [[3, 1, 2, 6, 4, 5, 9, 7, 8], [3, 1, 2, 6, 4, 5, 9, 7, 8], [7, 8, 9, 1, 2, 3, 4, 5, 6], [6, 4, 5, 9, 7, 8, 3, 1, 2]], "total_label": "4.9-2.0.3-3-3-3.14.1", "cc": [14, 1], "label": "4.9-2.0.3-3-3-3", "genus": 4, "signature": "[0,3,3,3,3]", "group": "[9,2]", "_id": {"$oid": "579ba6ad75d28e4971d3eef9"}}, {"passport_label": "4.9-2.0.3-3-3-3.15", "gen_vectors": [[3, 1, 2, 6, 4, 5, 9, 7, 8], [3, 1, 2, 6, 4, 5, 9, 7, 8], [5, 6, 4, 8, 9, 7, 2, 3, 1], [8, 9, 7, 2, 3, 1, 5, 6, 4]], "total_label": "4.9-2.0.3-3-3-3.15.1", "cc": [15, 1], "label": "4.9-2.0.3-3-3-3", "genus": 4, "signature": "[0,3,3,3,3]", "group": "[9,2]", "_id": {"$oid": "579ba6ae75d28e4971d3eefa"}}, {"passport_label": "4.9-2.0.3-3-3-3.16", "gen_vectors": [[3, 1, 2, 6, 4, 5, 9, 7, 8], [4, 5, 6, 7, 8, 9, 1, 2, 3], [4, 5, 6, 7, 8, 9, 1, 2, 3], [5, 6, 4, 8, 9, 7, 2, 3, 1]], "total_label": "4.9-2.0.3-3-3-3.16.1", "cc": [16, 1], "label": "4.9-2.0.3-3-3-3", "genus": 4, "signature": "[0,3,3,3,3]", "group": "[9,2]", "_id": {"$oid": "579ba6ae75d28e4971d3eefb"}}, {"passport_label": "4.9-2.0.3-3-3-3.17", "gen_vectors": [[3, 1, 2, 6, 4, 5, 9, 7, 8], [4, 5, 6, 7, 8, 9, 1, 2, 3], [6, 4, 5, 9, 7, 8, 3, 1, 2], [6, 4, 5, 9, 7, 8, 3, 1, 2]], "total_label": "4.9-2.0.3-3-3-3.17.1", "cc": [17, 1], "label": "4.9-2.0.3-3-3-3", "genus": 4, "signature": "[0,3,3,3,3]", "group": "[9,2]", "_id": {"$oid": "579ba6af75d28e4971d3eefc"}}, {"passport_label": "4.9-2.0.3-3-3-3.18", "gen_vectors": [[3, 1, 2, 6, 4, 5, 9, 7, 8], [7, 8, 9, 1, 2, 3, 4, 5, 6], [7, 8, 9, 1, 2, 3, 4, 5, 6], [8, 9, 7, 2, 3, 1, 5, 6, 4]], "total_label": "4.9-2.0.3-3-3-3.18.1", "cc": [18, 1], "label": "4.9-2.0.3-3-3-3", "genus": 4, "signature": "[0,3,3,3,3]", "group": "[9,2]", "_id": {"$oid": "579ba6af75d28e4971d3eefd"}}, {"passport_label": "4.9-2.0.3-3-3-3.19", "gen_vectors": [[3, 1, 2, 6, 4, 5, 9, 7, 8], [7, 8, 9, 1, 2, 3, 4, 5, 6], [9, 7, 8, 3, 1, 2, 6, 4, 5], [9, 7, 8, 3, 1, 2, 6, 4, 5]], "total_label": "4.9-2.0.3-3-3-3.19.1", "cc": [19, 1], "label": "4.9-2.0.3-3-3-3", "genus": 4, "signature": "[0,3,3,3,3]", "group": "[9,2]", "_id": {"$oid": "579ba6b075d28e4971d3eefe"}}, {"passport_label": "4.9-2.0.3-3-3-3.20", "gen_vectors": [[3, 1, 2, 6, 4, 5, 9, 7, 8], [5, 6, 4, 8, 9, 7, 2, 3, 1], [5, 6, 4, 8, 9, 7, 2, 3, 1], [6, 4, 5, 9, 7, 8, 3, 1, 2]], "total_label": "4.9-2.0.3-3-3-3.20.1", "cc": [20, 1], "label": "4.9-2.0.3-3-3-3", "genus": 4, "signature": "[0,3,3,3,3]", "group": "[9,2]", "_id": {"$oid": "579ba6b075d28e4971d3eeff"}}, {"passport_label": "4.9-2.0.3-3-3-3.21", "gen_vectors": [[3, 1, 2, 6, 4, 5, 9, 7, 8], [9, 7, 8, 3, 1, 2, 6, 4, 5], [8, 9, 7, 2, 3, 1, 5, 6, 4], [8, 9, 7, 2, 3, 1, 5, 6, 4]], "total_label": "4.9-2.0.3-3-3-3.21.1", "cc": [21, 1], "label": "4.9-2.0.3-3-3-3", "genus": 4, "signature": "[0,3,3,3,3]", "group": "[9,2]", "_id": {"$oid": "579ba6b175d28e4971d3ef00"}}, {"passport_label": "4.9-2.0.3-3-3-3.22", "gen_vectors": [[4, 5, 6, 7, 8, 9, 1, 2, 3], [4, 5, 6, 7, 8, 9, 1, 2, 3], [9, 7, 8, 3, 1, 2, 6, 4, 5], [8, 9, 7, 2, 3, 1, 5, 6, 4]], "total_label": "4.9-2.0.3-3-3-3.22.1", "cc": [22, 1], "label": "4.9-2.0.3-3-3-3", "genus": 4, "signature": "[0,3,3,3,3]", "group": "[9,2]", "_id": {"$oid": "579ba6b175d28e4971d3ef01"}}, {"passport_label": "4.9-2.0.3-3-3-3.23", "gen_vectors": [[4, 5, 6, 7, 8, 9, 1, 2, 3], [7, 8, 9, 1, 2, 3, 4, 5, 6], [5, 6, 4, 8, 9, 7, 2, 3, 1], [9, 7, 8, 3, 1, 2, 6, 4, 5]], "total_label": "4.9-2.0.3-3-3-3.23.1", "cc": [23, 1], "label": "4.9-2.0.3-3-3-3", "genus": 4, "signature": "[0,3,3,3,3]", "group": "[9,2]", "_id": {"$oid": "579ba6b275d28e4971d3ef02"}}, {"passport_label": "4.9-2.0.3-3-3-3.24", "gen_vectors": [[4, 5, 6, 7, 8, 9, 1, 2, 3], [7, 8, 9, 1, 2, 3, 4, 5, 6], [6, 4, 5, 9, 7, 8, 3, 1, 2], [8, 9, 7, 2, 3, 1, 5, 6, 4]], "total_label": "4.9-2.0.3-3-3-3.24.1", "cc": [24, 1], "label": "4.9-2.0.3-3-3-3", "genus": 4, "signature": "[0,3,3,3,3]", "group": "[9,2]", "_id": {"$oid": "579ba6b275d28e4971d3ef03"}}, {"passport_label": "4.9-2.0.3-3-3-3.25", "gen_vectors": [[4, 5, 6, 7, 8, 9, 1, 2, 3], [5, 6, 4, 8, 9, 7, 2, 3, 1], [8, 9, 7, 2, 3, 1, 5, 6, 4], [8, 9, 7, 2, 3, 1, 5, 6, 4]], "total_label": "4.9-2.0.3-3-3-3.25.1", "cc": [25, 1], "label": "4.9-2.0.3-3-3-3", "genus": 4, "signature": "[0,3,3,3,3]", "group": "[9,2]", "_id": {"$oid": "579ba6b375d28e4971d3ef04"}}, {"passport_label": "4.9-2.0.3-3-3-3.26", "gen_vectors": [[4, 5, 6, 7, 8, 9, 1, 2, 3], [9, 7, 8, 3, 1, 2, 6, 4, 5], [9, 7, 8, 3, 1, 2, 6, 4, 5], [6, 4, 5, 9, 7, 8, 3, 1, 2]], "total_label": "4.9-2.0.3-3-3-3.26.1", "cc": [26, 1], "label": "4.9-2.0.3-3-3-3", "genus": 4, "signature": "[0,3,3,3,3]", "group": "[9,2]", "_id": {"$oid": "579ba6b375d28e4971d3ef05"}}, {"passport_label": "4.9-2.0.3-3-3-3.27", "gen_vectors": [[7, 8, 9, 1, 2, 3, 4, 5, 6], [7, 8, 9, 1, 2, 3, 4, 5, 6], [5, 6, 4, 8, 9, 7, 2, 3, 1], [6, 4, 5, 9, 7, 8, 3, 1, 2]], "total_label": "4.9-2.0.3-3-3-3.27.1", "cc": [27, 1], "label": "4.9-2.0.3-3-3-3", "genus": 4, "signature": "[0,3,3,3,3]", "group": "[9,2]", "_id": {"$oid": "579ba6b475d28e4971d3ef06"}}, {"passport_label": "4.9-2.0.3-3-3-3.28", "gen_vectors": [[7, 8, 9, 1, 2, 3, 4, 5, 6], [5, 6, 4, 8, 9, 7, 2, 3, 1], [5, 6, 4, 8, 9, 7, 2, 3, 1], [8, 9, 7, 2, 3, 1, 5, 6, 4]], "total_label": "4.9-2.0.3-3-3-3.28.1", "cc": [28, 1], "label": "4.9-2.0.3-3-3-3", "genus": 4, "signature": "[0,3,3,3,3]", "group": "[9,2]", "_id": {"$oid": "579ba6b475d28e4971d3ef07"}}, {"passport_label": "4.9-2.0.3-3-3-3.29", "gen_vectors": [[7, 8, 9, 1, 2, 3, 4, 5, 6], [9, 7, 8, 3, 1, 2, 6, 4, 5], [6, 4, 5, 9, 7, 8, 3, 1, 2], [6, 4, 5, 9, 7, 8, 3, 1, 2]], "total_label": "4.9-2.0.3-3-3-3.29.1", "cc": [29, 1], "label": "4.9-2.0.3-3-3-3", "genus": 4, "signature": "[0,3,3,3,3]", "group": "[9,2]", "_id": {"$oid": "579ba6b575d28e4971d3ef08"}}, {"passport_label": "4.9-2.0.3-3-3-3.30", "gen_vectors": [[5, 6, 4, 8, 9, 7, 2, 3, 1], [9, 7, 8, 3, 1, 2, 6, 4, 5], [6, 4, 5, 9, 7, 8, 3, 1, 2], [8, 9, 7, 2, 3, 1, 5, 6, 4]], "total_label": "4.9-2.0.3-3-3-3.30.1", "cc": [30, 1], "label": "4.9-2.0.3-3-3-3", "genus": 4, "signature": "[0,3,3,3,3]", "group": "[9,2]", "_id": {"$oid": "579ba6b575d28e4971d3ef09"}}]
[{"passport_label": "5.24-13.0.2-2-3-3.1", "gen_vectors": [[13, 14, 15, 16, 17, 18, 19, 20, 21, 22, 23, 24, 1, 2, 3, 4, 5, 6, 7, 8, 9, 10, 11, 12], [14, 13, 16, 15, 18, 17, 20, 19, 22, 21, 24, 23, 2, 1, 4, 3, 6, 5, 8, 7, 10, 9, 12, 11], [5, 8, 6, 7, 9, 12, 10, 11, 1, 4, 2, 3, 17, 20, 18, 19, 21, 24, 22, 23, 13, 16, 14, 15], [10, 12, 11, 9, 2, 4, 3, 1, 6, 8, 7, 5, 22, 24, 23, 21, 14, 16, 15, 13, 18, 20, 19, 17]], "total_label": "5.24-13.0.2-2-3-3.1.1", "cc": [1, 1], "signature": "[0,2,2,3,3]", "label": "5.24-13.0.2-2-3-3", "genus": 5, "group": "[24,13]", "_id": {"$oid": "579bc87375d28e4971d3f13d"}}, {"passport_label": "5.24-13.0.2-2-3-3.2", "gen_vectors": [[14, 13, 16, 15, 18, 17, 20, 19, 22, 21, 24, 23, 2, 1, 4, 3, 6, 5, 8, 7, 10, 9, 12, 11], [14, 13, 16, 15, 18, 17, 20, 19, 22, 21, 24, 23, 2, 1, 4, 3, 6, 5, 8, 7, 10, 9, 12, 11], [5, 8, 6, 7, 9, 12, 10, 11, 1, 4, 2, 3, 17, 20, 18, 19, 21, 24, 22, 23, 13, 16, 14, 15], [9, 11, 12, 10, 1, 3, 4, 2, 5, 7, 8, 6, 21, 23, 24, 22, 13, 15, 16, 14, 17, 19, 20, 18]], "total_label": "5.24-13.0.2-2-3-3.2.1", "cc": [2, 1], "label": "5.24-13.0.2-2-3-3", "genus": 5, "signature": "[0,2,2,3,3]", "group": "[24,13]", "_id": {"$oid": "579bc8f775d28e4971d3f242"}}, {"passport_label": "5.24-13.0.2-2-3-3.2", "gen_vectors": [[14, 13, 16, 15, 18, 17, 20, 19, 22, 21, 24, 23, 2, 1, 4, 3, 6, 5, 8, 7, 10, 9, 12, 11], [16, 15, 14, 13, 20, 19, 18, 17, 24, 23, 22, 21, 4, 3, 2, 1, 8, 7, 6, 5, 12, 11, 10, 9], [5, 8, 6, 7, 9, 12, 10, 11, 1, 4, 2, 3, 17, 20, 18, 19, 21, 24, 22, 23, 13, 16, 14, 15], [11, 9, 10, 12, 3, 1, 2, 4, 7, 5, 6, 8, 23, 21, 22, 24, 15, 13, 14, 16, 19, 17, 18, 20]], "total_label": "5.24-13.0.2-2-3-3.2.2", "cc": [2, 2], "label": "5.24-13.0.2-2-3-3", "genus": 5, "signature": "[0,2,2,3,3]", "group": "[24,13]", "_id": {"$oid": "579bc8f775d28e4971d3f243"}}, {"passport_label": "5.24-13.0.2-2-3-3.2", "gen_vectors": [[14, 13, 16, 15, 18, 17, 20, 19, 22, 21, 24, 23, 2, 1, 4, 3, 6, 5, 8, 7, 10, 9, 12, 11], [15, 16, 13, 14, 19, 20, 17, 18, 23, 24, 21, 22, 3, 4, 1, 2, 7, 8, 5, 6, 11, 12, 9, 10], [5, 8, 6, 7, 9, 12, 10, 11, 1, 4, 2, 3, 17, 20, 18, 19, 21, 24, 22, 23, 13, 16, 14, 15], [12, 10, 9, 11, 4, 2, 1, 3, 8, 6, 5, 7, 24, 22, 21, 23, 16, 14, 13, 15, 20, 18, 17, 19]], "total_label": "5.24-13.0.2-2-3-3.2.3", "cc": [2, 3], "label": "5.24-13.0.2-2-3-3", "genus": 5, "signature": "[0,2,2,3,3]", "group": "[24,13]", "_id": {"$oid": "579bc8f775d28e4971d3f244"}}]
