[{"passport_label": "12.12-2.0.3-4-4-6-6.2", "gen_vectors": [[5, 6, 1, 2, 3, 4, 11, 12, 7, 8, 9, 10], [7, 8, 9, 10, 11, 12, 2, 1, 4, 3, 6, 5], [8, 7, 10, 9, 12, 11, 1, 2, 3, 4, 5, 6], [6, 5, 2, 1, 4, 3, 12, 11, 8, 7, 10, 9], [6, 5, 2, 1, 4, 3, 12, 11, 8, 7, 10, 9]], "total_label": "12.12-2.0.3-4-4-6-6.2.1", "cc": [2, 1], "label": "12.12-2.0.3-4-4-6-6", "genus": 12, "signature": "[0,3,4,4,6,6]", "group": "[12,2]", "_id": {"$oid": "59515cca3fce4a6697d4dcb7"}}, {"passport_label": "12.12-2.0.3-4-4-6-6.1", "gen_vectors": [[3, 4, 5, 6, 1, 2, 9, 10, 11, 12, 7, 8], [7, 8, 9, 10, 11, 12, 2, 1, 4, 3, 6, 5], [8, 7, 10, 9, 12, 11, 1, 2, 3, 4, 5, 6], [4, 3, 6, 5, 2, 1, 10, 9, 12, 11, 8, 7], [4, 3, 6, 5, 2, 1, 10, 9, 12, 11, 8, 7]], "total_label": "12.12-2.0.3-4-4-6-6.1.1", "cc": [1, 1], "label": "12.12-2.0.3-4-4-6-6", "genus": 12, "signature": "[0,3,4,4,6,6]", "group": "[12,2]", "_id": {"$oid": "59515cca3fce4a6697d4dcb6"}}]
[{"passport_label": "12.9-1.0.3-3-3-3-9-9.15", "gen_vectors": [[3, 1, 2, 6, 4, 5, 9, 7, 8], [3, 1, 2, 6, 4, 5, 9, 7, 8], [3, 1, 2, 6, 4, 5, 9, 7, 8], [3, 1, 2, 6, 4, 5, 9, 7, 8], [8, 9, 7, 3, 1, 2, 6, 4, 5], [6, 4, 5, 9, 7, 8, 1, 2, 3]], "total_label": "12.9-1.0.3-3-3-3-9-9.15.1", "cc": [15, 1], "label": "12.9-1.0.3-3-3-3-9-9", "genus": 12, "signature": "[0,3,3,3,3,9,9]", "group": "[9,1]", "_id": {"$oid": "59515c8a3fce4a6697d4dc40"}}, {"passport_label": "12.9-1.0.3-3-3-3-9-9.14", "gen_vectors": [[3, 1, 2, 6, 4, 5, 9, 7, 8], [3, 1, 2, 6, 4, 5, 9, 7, 8], [3, 1, 2, 6, 4, 5, 9, 7, 8], [3, 1, 2, 6, 4, 5, 9, 7, 8], [5, 6, 4, 8, 9, 7, 3, 1, 2], [9, 7, 8, 1, 2, 3, 4, 5, 6]], "total_label": "12.9-1.0.3-3-3-3-9-9.14.1", "cc": [14, 1], "label": "12.9-1.0.3-3-3-3-9-9", "genus": 12, "signature": "[0,3,3,3,3,9,9]", "group": "[9,1]", "_id": {"$oid": "59515c893fce4a6697d4dc3f"}}, {"passport_label": "12.9-1.0.3-3-3-3-9-9.13", "gen_vectors": [[3, 1, 2, 6, 4, 5, 9, 7, 8], [3, 1, 2, 6, 4, 5, 9, 7, 8], [3, 1, 2, 6, 4, 5, 9, 7, 8], [3, 1, 2, 6, 4, 5, 9, 7, 8], [4, 5, 6, 7, 8, 9, 2, 3, 1], [7, 8, 9, 2, 3, 1, 5, 6, 4]], "total_label": "12.9-1.0.3-3-3-3-9-9.13.1", "cc": [13, 1], "label": "12.9-1.0.3-3-3-3-9-9", "genus": 12, "signature": "[0,3,3,3,3,9,9]", "group": "[9,1]", "_id": {"$oid": "59515c893fce4a6697d4dc3e"}}, {"passport_label": "12.9-1.0.3-3-3-3-9-9.12", "gen_vectors": [[2, 3, 1, 5, 6, 4, 8, 9, 7], [3, 1, 2, 6, 4, 5, 9, 7, 8], [3, 1, 2, 6, 4, 5, 9, 7, 8], [3, 1, 2, 6, 4, 5, 9, 7, 8], [6, 4, 5, 9, 7, 8, 1, 2, 3], [9, 7, 8, 1, 2, 3, 4, 5, 6]], "total_label": "12.9-1.0.3-3-3-3-9-9.12.1", "cc": [12, 1], "label": "12.9-1.0.3-3-3-3-9-9", "genus": 12, "signature": "[0,3,3,3,3,9,9]", "group": "[9,1]", "_id": {"$oid": "59515c883fce4a6697d4dc3d"}}, {"passport_label": "12.9-1.0.3-3-3-3-9-9.11", "gen_vectors": [[2, 3, 1, 5, 6, 4, 8, 9, 7], [3, 1, 2, 6, 4, 5, 9, 7, 8], [3, 1, 2, 6, 4, 5, 9, 7, 8], [3, 1, 2, 6, 4, 5, 9, 7, 8], [7, 8, 9, 2, 3, 1, 5, 6, 4], [5, 6, 4, 8, 9, 7, 3, 1, 2]], "total_label": "12.9-1.0.3-3-3-3-9-9.11.1", "cc": [11, 1], "label": "12.9-1.0.3-3-3-3-9-9", "genus": 12, "signature": "[0,3,3,3,3,9,9]", "group": "[9,1]", "_id": {"$oid": "59515c883fce4a6697d4dc3c"}}, {"passport_label": "12.9-1.0.3-3-3-3-9-9.10", "gen_vectors": [[2, 3, 1, 5, 6, 4, 8, 9, 7], [3, 1, 2, 6, 4, 5, 9, 7, 8], [3, 1, 2, 6, 4, 5, 9, 7, 8], [3, 1, 2, 6, 4, 5, 9, 7, 8], [4, 5, 6, 7, 8, 9, 2, 3, 1], [8, 9, 7, 3, 1, 2, 6, 4, 5]], "total_label": "12.9-1.0.3-3-3-3-9-9.10.1", "cc": [10, 1], "label": "12.9-1.0.3-3-3-3-9-9", "genus": 12, "signature": "[0,3,3,3,3,9,9]", "group": "[9,1]", "_id": {"$oid": "59515c873fce4a6697d4dc3b"}}, {"passport_label": "12.9-1.0.3-3-3-3-9-9.9", "gen_vectors": [[2, 3, 1, 5, 6, 4, 8, 9, 7], [2, 3, 1, 5, 6, 4, 8, 9, 7], [3, 1, 2, 6, 4, 5, 9, 7, 8], [3, 1, 2, 6, 4, 5, 9, 7, 8], [5, 6, 4, 8, 9, 7, 3, 1, 2], [8, 9, 7, 3, 1, 2, 6, 4, 5]], "total_label": "12.9-1.0.3-3-3-3-9-9.9.1", "cc": [9, 1], "label": "12.9-1.0.3-3-3-3-9-9", "genus": 12, "signature": "[0,3,3,3,3,9,9]", "group": "[9,1]", "_id": {"$oid": "59515c873fce4a6697d4dc3a"}}, {"passport_label": "12.9-1.0.3-3-3-3-9-9.8", "gen_vectors": [[2, 3, 1, 5, 6, 4, 8, 9, 7], [2, 3, 1, 5, 6, 4, 8, 9, 7], [3, 1, 2, 6, 4, 5, 9, 7, 8], [3, 1, 2, 6, 4, 5, 9, 7, 8], [7, 8, 9, 2, 3, 1, 5, 6, 4], [6, 4, 5, 9, 7, 8, 1, 2, 3]], "total_label": "12.9-1.0.3-3-3-3-9-9.8.1", "cc": [8, 1], "label": "12.9-1.0.3-3-3-3-9-9", "genus": 12, "signature": "[0,3,3,3,3,9,9]", "group": "[9,1]", "_id": {"$oid": "59515c863fce4a6697d4dc39"}}, {"passport_label": "12.9-1.0.3-3-3-3-9-9.7", "gen_vectors": [[2, 3, 1, 5, 6, 4, 8, 9, 7], [2, 3, 1, 5, 6, 4, 8, 9, 7], [3, 1, 2, 6, 4, 5, 9, 7, 8], [3, 1, 2, 6, 4, 5, 9, 7, 8], [4, 5, 6, 7, 8, 9, 2, 3, 1], [9, 7, 8, 1, 2, 3, 4, 5, 6]], "total_label": "12.9-1.0.3-3-3-3-9-9.7.1", "cc": [7, 1], "label": "12.9-1.0.3-3-3-3-9-9", "genus": 12, "signature": "[0,3,3,3,3,9,9]", "group": "[9,1]", "_id": {"$oid": "59515c853fce4a6697d4dc38"}}, {"passport_label": "12.9-1.0.3-3-3-3-9-9.6", "gen_vectors": [[2, 3, 1, 5, 6, 4, 8, 9, 7], [2, 3, 1, 5, 6, 4, 8, 9, 7], [2, 3, 1, 5, 6, 4, 8, 9, 7], [3, 1, 2, 6, 4, 5, 9, 7, 8], [8, 9, 7, 3, 1, 2, 6, 4, 5], [6, 4, 5, 9, 7, 8, 1, 2, 3]], "total_label": "12.9-1.0.3-3-3-3-9-9.6.1", "cc": [6, 1], "label": "12.9-1.0.3-3-3-3-9-9", "genus": 12, "signature": "[0,3,3,3,3,9,9]", "group": "[9,1]", "_id": {"$oid": "59515c853fce4a6697d4dc37"}}, {"passport_label": "12.9-1.0.3-3-3-3-9-9.5", "gen_vectors": [[2, 3, 1, 5, 6, 4, 8, 9, 7], [2, 3, 1, 5, 6, 4, 8, 9, 7], [2, 3, 1, 5, 6, 4, 8, 9, 7], [3, 1, 2, 6, 4, 5, 9, 7, 8], [5, 6, 4, 8, 9, 7, 3, 1, 2], [9, 7, 8, 1, 2, 3, 4, 5, 6]], "total_label": "12.9-1.0.3-3-3-3-9-9.5.1", "cc": [5, 1], "label": "12.9-1.0.3-3-3-3-9-9", "genus": 12, "signature": "[0,3,3,3,3,9,9]", "group": "[9,1]", "_id": {"$oid": "59515c853fce4a6697d4dc36"}}, {"passport_label": "12.9-1.0.3-3-3-3-9-9.4", "gen_vectors": [[2, 3, 1, 5, 6, 4, 8, 9, 7], [2, 3, 1, 5, 6, 4, 8, 9, 7], [2, 3, 1, 5, 6, 4, 8, 9, 7], [3, 1, 2, 6, 4, 5, 9, 7, 8], [4, 5, 6, 7, 8, 9, 2, 3, 1], [7, 8, 9, 2, 3, 1, 5, 6, 4]], "total_label": "12.9-1.0.3-3-3-3-9-9.4.1", "cc": [4, 1], "label": "12.9-1.0.3-3-3-3-9-9", "genus": 12, "signature": "[0,3,3,3,3,9,9]", "group": "[9,1]", "_id": {"$oid": "59515c843fce4a6697d4dc35"}}, {"passport_label": "12.9-1.0.3-3-3-3-9-9.3", "gen_vectors": [[2, 3, 1, 5, 6, 4, 8, 9, 7], [2, 3, 1, 5, 6, 4, 8, 9, 7], [2, 3, 1, 5, 6, 4, 8, 9, 7], [2, 3, 1, 5, 6, 4, 8, 9, 7], [6, 4, 5, 9, 7, 8, 1, 2, 3], [9, 7, 8, 1, 2, 3, 4, 5, 6]], "total_label": "12.9-1.0.3-3-3-3-9-9.3.1", "cc": [3, 1], "label": "12.9-1.0.3-3-3-3-9-9", "genus": 12, "signature": "[0,3,3,3,3,9,9]", "group": "[9,1]", "_id": {"$oid": "59515c833fce4a6697d4dc34"}}, {"passport_label": "12.9-1.0.3-3-3-3-9-9.2", "gen_vectors": [[2, 3, 1, 5, 6, 4, 8, 9, 7], [2, 3, 1, 5, 6, 4, 8, 9, 7], [2, 3, 1, 5, 6, 4, 8, 9, 7], [2, 3, 1, 5, 6, 4, 8, 9, 7], [7, 8, 9, 2, 3, 1, 5, 6, 4], [5, 6, 4, 8, 9, 7, 3, 1, 2]], "total_label": "12.9-1.0.3-3-3-3-9-9.2.1", "cc": [2, 1], "label": "12.9-1.0.3-3-3-3-9-9", "genus": 12, "signature": "[0,3,3,3,3,9,9]", "group": "[9,1]", "_id": {"$oid": "59515c833fce4a6697d4dc33"}}, {"passport_label": "12.9-1.0.3-3-3-3-9-9.1", "gen_vectors": [[2, 3, 1, 5, 6, 4, 8, 9, 7], [2, 3, 1, 5, 6, 4, 8, 9, 7], [2, 3, 1, 5, 6, 4, 8, 9, 7], [2, 3, 1, 5, 6, 4, 8, 9, 7], [4, 5, 6, 7, 8, 9, 2, 3, 1], [8, 9, 7, 3, 1, 2, 6, 4, 5]], "total_label": "12.9-1.0.3-3-3-3-9-9.1.1", "cc": [1, 1], "label": "12.9-1.0.3-3-3-3-9-9", "genus": 12, "signature": "[0,3,3,3,3,9,9]", "group": "[9,1]", "_id": {"$oid": "59515c823fce4a6697d4dc32"}}]
[{"passport_label": "12.6-2.0.2-2-2-2-3-3-3-6-6.4", "gen_vectors": [[4, 5, 6, 1, 2, 3], [4, 5, 6, 1, 2, 3], [4, 5, 6, 1, 2, 3], [4, 5, 6, 1, 2, 3], [3, 1, 2, 6, 4, 5], [3, 1, 2, 6, 4, 5], [3, 1, 2, 6, 4, 5], [5, 6, 4, 2, 3, 1], [6, 4, 5, 3, 1, 2]], "total_label": "12.6-2.0.2-2-2-2-3-3-3-6-6.4.1", "cc": [4, 1], "label": "12.6-2.0.2-2-2-2-3-3-3-6-6", "genus": 12, "signature": "[0,2,2,2,2,3,3,3,6,6]", "group": "[6,2]", "_id": {"$oid": "59514bbb3fce4a6697d4be06"}}, {"passport_label": "12.6-2.0.2-2-2-2-3-3-3-6-6.3", "gen_vectors": [[4, 5, 6, 1, 2, 3], [4, 5, 6, 1, 2, 3], [4, 5, 6, 1, 2, 3], [4, 5, 6, 1, 2, 3], [2, 3, 1, 5, 6, 4], [3, 1, 2, 6, 4, 5], [3, 1, 2, 6, 4, 5], [6, 4, 5, 3, 1, 2], [6, 4, 5, 3, 1, 2]], "total_label": "12.6-2.0.2-2-2-2-3-3-3-6-6.3.1", "cc": [3, 1], "label": "12.6-2.0.2-2-2-2-3-3-3-6-6", "genus": 12, "signature": "[0,2,2,2,2,3,3,3,6,6]", "group": "[6,2]", "_id": {"$oid": "59514bbb3fce4a6697d4be05"}}, {"passport_label": "12.6-2.0.2-2-2-2-3-3-3-6-6.2", "gen_vectors": [[4, 5, 6, 1, 2, 3], [4, 5, 6, 1, 2, 3], [4, 5, 6, 1, 2, 3], [4, 5, 6, 1, 2, 3], [2, 3, 1, 5, 6, 4], [2, 3, 1, 5, 6, 4], [3, 1, 2, 6, 4, 5], [5, 6, 4, 2, 3, 1], [5, 6, 4, 2, 3, 1]], "total_label": "12.6-2.0.2-2-2-2-3-3-3-6-6.2.1", "cc": [2, 1], "label": "12.6-2.0.2-2-2-2-3-3-3-6-6", "genus": 12, "signature": "[0,2,2,2,2,3,3,3,6,6]", "group": "[6,2]", "_id": {"$oid": "59514bba3fce4a6697d4be04"}}, {"passport_label": "12.6-2.0.2-2-2-2-3-3-3-6-6.1", "gen_vectors": [[4, 5, 6, 1, 2, 3], [4, 5, 6, 1, 2, 3], [4, 5, 6, 1, 2, 3], [4, 5, 6, 1, 2, 3], [2, 3, 1, 5, 6, 4], [2, 3, 1, 5, 6, 4], [2, 3, 1, 5, 6, 4], [5, 6, 4, 2, 3, 1], [6, 4, 5, 3, 1, 2]], "total_label": "12.6-2.0.2-2-2-2-3-3-3-6-6.1.1", "cc": [1, 1], "label": "12.6-2.0.2-2-2-2-3-3-3-6-6", "genus": 12, "signature": "[0,2,2,2,2,3,3,3,6,6]", "group": "[6,2]", "_id": {"$oid": "59514bba3fce4a6697d4be03"}}]
[{"passport_label": "12.6-2.0.2-2-3-3-6-6-6-6.5", "gen_vectors": [[4, 5, 6, 1, 2, 3], [4, 5, 6, 1, 2, 3], [3, 1, 2, 6, 4, 5], [3, 1, 2, 6, 4, 5], [6, 4, 5, 3, 1, 2], [6, 4, 5, 3, 1, 2], [6, 4, 5, 3, 1, 2], [6, 4, 5, 3, 1, 2]], "total_label": "12.6-2.0.2-2-3-3-6-6-6-6.5.1", "cc": [5, 1], "label": "12.6-2.0.2-2-3-3-6-6-6-6", "genus": 12, "signature": "[0,2,2,3,3,6,6,6,6]", "group": "[6,2]", "_id": {"$oid": "59514b943fce4a6697d4bdba"}}, {"passport_label": "12.6-2.0.2-2-3-3-6-6-6-6.4", "gen_vectors": [[4, 5, 6, 1, 2, 3], [4, 5, 6, 1, 2, 3], [3, 1, 2, 6, 4, 5], [3, 1, 2, 6, 4, 5], [5, 6, 4, 2, 3, 1], [5, 6, 4, 2, 3, 1], [5, 6, 4, 2, 3, 1], [6, 4, 5, 3, 1, 2]], "total_label": "12.6-2.0.2-2-3-3-6-6-6-6.4.1", "cc": [4, 1], "label": "12.6-2.0.2-2-3-3-6-6-6-6", "genus": 12, "signature": "[0,2,2,3,3,6,6,6,6]", "group": "[6,2]", "_id": {"$oid": "59514b943fce4a6697d4bdb9"}}, {"passport_label": "12.6-2.0.2-2-3-3-6-6-6-6.3", "gen_vectors": [[4, 5, 6, 1, 2, 3], [4, 5, 6, 1, 2, 3], [2, 3, 1, 5, 6, 4], [3, 1, 2, 6, 4, 5], [5, 6, 4, 2, 3, 1], [5, 6, 4, 2, 3, 1], [6, 4, 5, 3, 1, 2], [6, 4, 5, 3, 1, 2]], "total_label": "12.6-2.0.2-2-3-3-6-6-6-6.3.1", "cc": [3, 1], "label": "12.6-2.0.2-2-3-3-6-6-6-6", "genus": 12, "signature": "[0,2,2,3,3,6,6,6,6]", "group": "[6,2]", "_id": {"$oid": "59514b933fce4a6697d4bdb8"}}, {"passport_label": "12.6-2.0.2-2-3-3-6-6-6-6.2", "gen_vectors": [[4, 5, 6, 1, 2, 3], [4, 5, 6, 1, 2, 3], [2, 3, 1, 5, 6, 4], [2, 3, 1, 5, 6, 4], [5, 6, 4, 2, 3, 1], [6, 4, 5, 3, 1, 2], [6, 4, 5, 3, 1, 2], [6, 4, 5, 3, 1, 2]], "total_label": "12.6-2.0.2-2-3-3-6-6-6-6.2.1", "cc": [2, 1], "label": "12.6-2.0.2-2-3-3-6-6-6-6", "genus": 12, "signature": "[0,2,2,3,3,6,6,6,6]", "group": "[6,2]", "_id": {"$oid": "59514b933fce4a6697d4bdb7"}}, {"passport_label": "12.6-2.0.2-2-3-3-6-6-6-6.1", "gen_vectors": [[4, 5, 6, 1, 2, 3], [4, 5, 6, 1, 2, 3], [2, 3, 1, 5, 6, 4], [2, 3, 1, 5, 6, 4], [5, 6, 4, 2, 3, 1], [5, 6, 4, 2, 3, 1], [5, 6, 4, 2, 3, 1], [5, 6, 4, 2, 3, 1]], "total_label": "12.6-2.0.2-2-3-3-6-6-6-6.1.1", "cc": [1, 1], "label": "12.6-2.0.2-2-3-3-6-6-6-6", "genus": 12, "signature": "[0,2,2,3,3,6,6,6,6]", "group": "[6,2]", "_id": {"$oid": "59514b923fce4a6697d4bdb6"}}]
[{"passport_label": "12.4-1.0.2-2-2-4-4-4-4-4-4-4-4.4", "gen_vectors": [[2, 1, 4, 3], [2, 1, 4, 3], [2, 1, 4, 3], [3, 4, 2, 1], [4, 3, 1, 2], [4, 3, 1, 2], [4, 3, 1, 2], [4, 3, 1, 2], [4, 3, 1, 2], [4, 3, 1, 2], [4, 3, 1, 2]], "total_label": "12.4-1.0.2-2-2-4-4-4-4-4-4-4-4.4.1", "cc": [4, 1], "label": "12.4-1.0.2-2-2-4-4-4-4-4-4-4-4", "genus": 12, "signature": "[0,2,2,2,4,4,4,4,4,4,4,4]", "group": "[4,1]", "_id": {"$oid": "59514b663fce4a6697d4bd61"}}, {"passport_label": "12.4-1.0.2-2-2-4-4-4-4-4-4-4-4.3", "gen_vectors": [[2, 1, 4, 3], [2, 1, 4, 3], [2, 1, 4, 3], [3, 4, 2, 1], [3, 4, 2, 1], [3, 4, 2, 1], [4, 3, 1, 2], [4, 3, 1, 2], [4, 3, 1, 2], [4, 3, 1, 2], [4, 3, 1, 2]], "total_label": "12.4-1.0.2-2-2-4-4-4-4-4-4-4-4.3.1", "cc": [3, 1], "label": "12.4-1.0.2-2-2-4-4-4-4-4-4-4-4", "genus": 12, "signature": "[0,2,2,2,4,4,4,4,4,4,4,4]", "group": "[4,1]", "_id": {"$oid": "59514b653fce4a6697d4bd60"}}, {"passport_label": "12.4-1.0.2-2-2-4-4-4-4-4-4-4-4.2", "gen_vectors": [[2, 1, 4, 3], [2, 1, 4, 3], [2, 1, 4, 3], [3, 4, 2, 1], [3, 4, 2, 1], [3, 4, 2, 1], [3, 4, 2, 1], [3, 4, 2, 1], [4, 3, 1, 2], [4, 3, 1, 2], [4, 3, 1, 2]], "total_label": "12.4-1.0.2-2-2-4-4-4-4-4-4-4-4.2.1", "cc": [2, 1], "label": "12.4-1.0.2-2-2-4-4-4-4-4-4-4-4", "genus": 12, "signature": "[0,2,2,2,4,4,4,4,4,4,4,4]", "group": "[4,1]", "_id": {"$oid": "59514b653fce4a6697d4bd5f"}}, {"passport_label": "12.4-1.0.2-2-2-4-4-4-4-4-4-4-4.1", "gen_vectors": [[2, 1, 4, 3], [2, 1, 4, 3], [2, 1, 4, 3], [3, 4, 2, 1], [3, 4, 2, 1], [3, 4, 2, 1], [3, 4, 2, 1], [3, 4, 2, 1], [3, 4, 2, 1], [3, 4, 2, 1], [4, 3, 1, 2]], "total_label": "12.4-1.0.2-2-2-4-4-4-4-4-4-4-4.1.1", "cc": [1, 1], "label": "12.4-1.0.2-2-2-4-4-4-4-4-4-4-4", "genus": 12, "signature": "[0,2,2,2,4,4,4,4,4,4,4,4]", "group": "[4,1]", "_id": {"$oid": "59514b643fce4a6697d4bd5e"}}]
[{"passport_label": "12.12-2.0.2-3-6-12-12.6", "gen_vectors": [[2, 1, 4, 3, 6, 5, 8, 7, 10, 9, 12, 11], [5, 6, 1, 2, 3, 4, 11, 12, 7, 8, 9, 10], [6, 5, 2, 1, 4, 3, 12, 11, 8, 7, 10, 9], [9, 10, 11, 12, 7, 8, 4, 3, 6, 5, 2, 1], [10, 9, 12, 11, 8, 7, 3, 4, 5, 6, 1, 2]], "total_label": "12.12-2.0.2-3-6-12-12.6.1", "cc": [6, 1], "label": "12.12-2.0.2-3-6-12-12", "genus": 12, "signature": "[0,2,3,6,12,12]", "group": "[12,2]", "_id": {"$oid": "59515cf03fce4a6697d4dcfd"}}, {"passport_label": "12.12-2.0.2-3-6-12-12.5", "gen_vectors": [[2, 1, 4, 3, 6, 5, 8, 7, 10, 9, 12, 11], [5, 6, 1, 2, 3, 4, 11, 12, 7, 8, 9, 10], [4, 3, 6, 5, 2, 1, 10, 9, 12, 11, 8, 7], [11, 12, 7, 8, 9, 10, 6, 5, 2, 1, 4, 3], [10, 9, 12, 11, 8, 7, 3, 4, 5, 6, 1, 2]], "total_label": "12.12-2.0.2-3-6-12-12.5.1", "cc": [5, 1], "label": "12.12-2.0.2-3-6-12-12", "genus": 12, "signature": "[0,2,3,6,12,12]", "group": "[12,2]", "_id": {"$oid": "59515cef3fce4a6697d4dcfc"}}, {"passport_label": "12.12-2.0.2-3-6-12-12.4", "gen_vectors": [[2, 1, 4, 3, 6, 5, 8, 7, 10, 9, 12, 11], [5, 6, 1, 2, 3, 4, 11, 12, 7, 8, 9, 10], [4, 3, 6, 5, 2, 1, 10, 9, 12, 11, 8, 7], [9, 10, 11, 12, 7, 8, 4, 3, 6, 5, 2, 1], [12, 11, 8, 7, 10, 9, 5, 6, 1, 2, 3, 4]], "total_label": "12.12-2.0.2-3-6-12-12.4.1", "cc": [4, 1], "label": "12.12-2.0.2-3-6-12-12", "genus": 12, "signature": "[0,2,3,6,12,12]", "group": "[12,2]", "_id": {"$oid": "59515cef3fce4a6697d4dcfb"}}, {"passport_label": "12.12-2.0.2-3-6-12-12.3", "gen_vectors": [[2, 1, 4, 3, 6, 5, 8, 7, 10, 9, 12, 11], [3, 4, 5, 6, 1, 2, 9, 10, 11, 12, 7, 8], [6, 5, 2, 1, 4, 3, 12, 11, 8, 7, 10, 9], [11, 12, 7, 8, 9, 10, 6, 5, 2, 1, 4, 3], [10, 9, 12, 11, 8, 7, 3, 4, 5, 6, 1, 2]], "total_label": "12.12-2.0.2-3-6-12-12.3.1", "cc": [3, 1], "label": "12.12-2.0.2-3-6-12-12", "genus": 12, "signature": "[0,2,3,6,12,12]", "group": "[12,2]", "_id": {"$oid": "59515cee3fce4a6697d4dcfa"}}, {"passport_label": "12.12-2.0.2-3-6-12-12.2", "gen_vectors": [[2, 1, 4, 3, 6, 5, 8, 7, 10, 9, 12, 11], [3, 4, 5, 6, 1, 2, 9, 10, 11, 12, 7, 8], [6, 5, 2, 1, 4, 3, 12, 11, 8, 7, 10, 9], [9, 10, 11, 12, 7, 8, 4, 3, 6, 5, 2, 1], [12, 11, 8, 7, 10, 9, 5, 6, 1, 2, 3, 4]], "total_label": "12.12-2.0.2-3-6-12-12.2.1", "cc": [2, 1], "label": "12.12-2.0.2-3-6-12-12", "genus": 12, "signature": "[0,2,3,6,12,12]", "group": "[12,2]", "_id": {"$oid": "59515cee3fce4a6697d4dcf9"}}, {"passport_label": "12.12-2.0.2-3-6-12-12.1", "gen_vectors": [[2, 1, 4, 3, 6, 5, 8, 7, 10, 9, 12, 11], [3, 4, 5, 6, 1, 2, 9, 10, 11, 12, 7, 8], [4, 3, 6, 5, 2, 1, 10, 9, 12, 11, 8, 7], [11, 12, 7, 8, 9, 10, 6, 5, 2, 1, 4, 3], [12, 11, 8, 7, 10, 9, 5, 6, 1, 2, 3, 4]], "total_label": "12.12-2.0.2-3-6-12-12.1.1", "cc": [1, 1], "label": "12.12-2.0.2-3-6-12-12", "genus": 12, "signature": "[0,2,3,6,12,12]", "group": "[12,2]", "_id": {"$oid": "59515ced3fce4a6697d4dcf8"}}]
[{"passport_label": "12.25-1.0.25-25-25.5", "gen_vectors": [[6, 7, 8, 9, 10, 11, 12, 13, 14, 15, 16, 17, 18, 19, 20, 21, 22, 23, 24, 25, 2, 3, 4, 5, 1], [12, 13, 14, 15, 11, 17, 18, 19, 20, 16, 22, 23, 24, 25, 21, 3, 4, 5, 1, 2, 8, 9, 10, 6, 7], [14, 15, 11, 12, 13, 19, 20, 16, 17, 18, 24, 25, 21, 22, 23, 5, 1, 2, 3, 4, 10, 6, 7, 8, 9]], "total_label": "12.25-1.0.25-25-25.5.1", "cc": [5, 1], "label": "12.25-1.0.25-25-25", "genus": 12, "signature": "[0,25,25,25]", "group": "[25,1]", "_id": {"$oid": "59516edd3fce4a6697d4fe6c"}}, {"passport_label": "12.25-1.0.25-25-25.4", "gen_vectors": [[6, 7, 8, 9, 10, 11, 12, 13, 14, 15, 16, 17, 18, 19, 20, 21, 22, 23, 24, 25, 2, 3, 4, 5, 1], [7, 8, 9, 10, 6, 12, 13, 14, 15, 11, 17, 18, 19, 20, 16, 22, 23, 24, 25, 21, 3, 4, 5, 1, 2], [19, 20, 16, 17, 18, 24, 25, 21, 22, 23, 5, 1, 2, 3, 4, 10, 6, 7, 8, 9, 15, 11, 12, 13, 14]], "total_label": "12.25-1.0.25-25-25.4.1", "cc": [4, 1], "label": "12.25-1.0.25-25-25", "genus": 12, "signature": "[0,25,25,25]", "group": "[25,1]", "_id": {"$oid": "59516edc3fce4a6697d4fe6b"}}, {"passport_label": "12.25-1.0.25-25-25.3", "gen_vectors": [[6, 7, 8, 9, 10, 11, 12, 13, 14, 15, 16, 17, 18, 19, 20, 21, 22, 23, 24, 25, 2, 3, 4, 5, 1], [16, 17, 18, 19, 20, 21, 22, 23, 24, 25, 2, 3, 4, 5, 1, 7, 8, 9, 10, 6, 12, 13, 14, 15, 11], [10, 6, 7, 8, 9, 15, 11, 12, 13, 14, 20, 16, 17, 18, 19, 25, 21, 22, 23, 24, 1, 2, 3, 4, 5]], "total_label": "12.25-1.0.25-25-25.3.1", "cc": [3, 1], "label": "12.25-1.0.25-25-25", "genus": 12, "signature": "[0,25,25,25]", "group": "[25,1]", "_id": {"$oid": "59516edb3fce4a6697d4fe6a"}}, {"passport_label": "12.25-1.0.25-25-25.2", "gen_vectors": [[6, 7, 8, 9, 10, 11, 12, 13, 14, 15, 16, 17, 18, 19, 20, 21, 22, 23, 24, 25, 2, 3, 4, 5, 1], [11, 12, 13, 14, 15, 16, 17, 18, 19, 20, 21, 22, 23, 24, 25, 2, 3, 4, 5, 1, 7, 8, 9, 10, 6], [15, 11, 12, 13, 14, 20, 16, 17, 18, 19, 25, 21, 22, 23, 24, 1, 2, 3, 4, 5, 6, 7, 8, 9, 10]], "total_label": "12.25-1.0.25-25-25.2.1", "cc": [2, 1], "label": "12.25-1.0.25-25-25", "genus": 12, "signature": "[0,25,25,25]", "group": "[25,1]", "_id": {"$oid": "59516edb3fce4a6697d4fe69"}}, {"passport_label": "12.25-1.0.25-25-25.1", "gen_vectors": [[6, 7, 8, 9, 10, 11, 12, 13, 14, 15, 16, 17, 18, 19, 20, 21, 22, 23, 24, 25, 2, 3, 4, 5, 1], [6, 7, 8, 9, 10, 11, 12, 13, 14, 15, 16, 17, 18, 19, 20, 21, 22, 23, 24, 25, 2, 3, 4, 5, 1], [20, 16, 17, 18, 19, 25, 21, 22, 23, 24, 1, 2, 3, 4, 5, 6, 7, 8, 9, 10, 11, 12, 13, 14, 15]], "total_label": "12.25-1.0.25-25-25.1.1", "cc": [1, 1], "label": "12.25-1.0.25-25-25", "genus": 12, "signature": "[0,25,25,25]", "group": "[25,1]", "_id": {"$oid": "59516ff63fce4a6697d50072"}}, {"passport_label": "12.25-1.0.25-25-25.8", "gen_vectors": [[6, 7, 8, 9, 10, 11, 12, 13, 14, 15, 16, 17, 18, 19, 20, 21, 22, 23, 24, 25, 2, 3, 4, 5, 1], [13, 14, 15, 11, 12, 18, 19, 20, 16, 17, 23, 24, 25, 21, 22, 4, 5, 1, 2, 3, 9, 10, 6, 7, 8], [13, 14, 15, 11, 12, 18, 19, 20, 16, 17, 23, 24, 25, 21, 22, 4, 5, 1, 2, 3, 9, 10, 6, 7, 8]], "total_label": "12.25-1.0.25-25-25.8.1", "cc": [8, 1], "label": "12.25-1.0.25-25-25", "genus": 12, "signature": "[0,25,25,25]", "group": "[25,1]", "_id": {"$oid": "59516ff63fce4a6697d50073"}}, {"passport_label": "12.25-1.0.25-25-25.9", "gen_vectors": [[11, 12, 13, 14, 15, 16, 17, 18, 19, 20, 21, 22, 23, 24, 25, 2, 3, 4, 5, 1, 7, 8, 9, 10, 6], [11, 12, 13, 14, 15, 16, 17, 18, 19, 20, 21, 22, 23, 24, 25, 2, 3, 4, 5, 1, 7, 8, 9, 10, 6], [10, 6, 7, 8, 9, 15, 11, 12, 13, 14, 20, 16, 17, 18, 19, 25, 21, 22, 23, 24, 1, 2, 3, 4, 5]], "total_label": "12.25-1.0.25-25-25.9.1", "cc": [9, 1], "label": "12.25-1.0.25-25-25", "genus": 12, "signature": "[0,25,25,25]", "group": "[25,1]", "_id": {"$oid": "59516ff63fce4a6697d50074"}}, {"passport_label": "12.25-1.0.25-25-25.15", "gen_vectors": [[11, 12, 13, 14, 15, 16, 17, 18, 19, 20, 21, 22, 23, 24, 25, 2, 3, 4, 5, 1, 7, 8, 9, 10, 6], [25, 21, 22, 23, 24, 1, 2, 3, 4, 5, 6, 7, 8, 9, 10, 11, 12, 13, 14, 15, 16, 17, 18, 19, 20], [25, 21, 22, 23, 24, 1, 2, 3, 4, 5, 6, 7, 8, 9, 10, 11, 12, 13, 14, 15, 16, 17, 18, 19, 20]], "total_label": "12.25-1.0.25-25-25.15.1", "cc": [15, 1], "label": "12.25-1.0.25-25-25", "genus": 12, "signature": "[0,25,25,25]", "group": "[25,1]", "_id": {"$oid": "59516ff73fce4a6697d50075"}}, {"passport_label": "12.25-1.0.25-25-25.16", "gen_vectors": [[16, 17, 18, 19, 20, 21, 22, 23, 24, 25, 2, 3, 4, 5, 1, 7, 8, 9, 10, 6, 12, 13, 14, 15, 11], [16, 17, 18, 19, 20, 21, 22, 23, 24, 25, 2, 3, 4, 5, 1, 7, 8, 9, 10, 6, 12, 13, 14, 15, 11], [24, 25, 21, 22, 23, 5, 1, 2, 3, 4, 10, 6, 7, 8, 9, 15, 11, 12, 13, 14, 20, 16, 17, 18, 19]], "total_label": "12.25-1.0.25-25-25.16.1", "cc": [16, 1], "label": "12.25-1.0.25-25-25", "genus": 12, "signature": "[0,25,25,25]", "group": "[25,1]", "_id": {"$oid": "59516ff73fce4a6697d50076"}}, {"passport_label": "12.25-1.0.25-25-25.21", "gen_vectors": [[16, 17, 18, 19, 20, 21, 22, 23, 24, 25, 2, 3, 4, 5, 1, 7, 8, 9, 10, 6, 12, 13, 14, 15, 11], [8, 9, 10, 6, 7, 13, 14, 15, 11, 12, 18, 19, 20, 16, 17, 23, 24, 25, 21, 22, 4, 5, 1, 2, 3], [8, 9, 10, 6, 7, 13, 14, 15, 11, 12, 18, 19, 20, 16, 17, 23, 24, 25, 21, 22, 4, 5, 1, 2, 3]], "total_label": "12.25-1.0.25-25-25.21.1", "cc": [21, 1], "label": "12.25-1.0.25-25-25", "genus": 12, "signature": "[0,25,25,25]", "group": "[25,1]", "_id": {"$oid": "59516ff83fce4a6697d50077"}}, {"passport_label": "12.25-1.0.25-25-25.23", "gen_vectors": [[21, 22, 23, 24, 25, 2, 3, 4, 5, 1, 7, 8, 9, 10, 6, 12, 13, 14, 15, 11, 17, 18, 19, 20, 16], [21, 22, 23, 24, 25, 2, 3, 4, 5, 1, 7, 8, 9, 10, 6, 12, 13, 14, 15, 11, 17, 18, 19, 20, 16], [14, 15, 11, 12, 13, 19, 20, 16, 17, 18, 24, 25, 21, 22, 23, 5, 1, 2, 3, 4, 10, 6, 7, 8, 9]], "total_label": "12.25-1.0.25-25-25.23.1", "cc": [23, 1], "label": "12.25-1.0.25-25-25", "genus": 12, "signature": "[0,25,25,25]", "group": "[25,1]", "_id": {"$oid": "59516ff83fce4a6697d50078"}}, {"passport_label": "12.25-1.0.25-25-25.28", "gen_vectors": [[21, 22, 23, 24, 25, 2, 3, 4, 5, 1, 7, 8, 9, 10, 6, 12, 13, 14, 15, 11, 17, 18, 19, 20, 16], [20, 16, 17, 18, 19, 25, 21, 22, 23, 24, 1, 2, 3, 4, 5, 6, 7, 8, 9, 10, 11, 12, 13, 14, 15], [20, 16, 17, 18, 19, 25, 21, 22, 23, 24, 1, 2, 3, 4, 5, 6, 7, 8, 9, 10, 11, 12, 13, 14, 15]], "total_label": "12.25-1.0.25-25-25.28.1", "cc": [28, 1], "label": "12.25-1.0.25-25-25", "genus": 12, "signature": "[0,25,25,25]", "group": "[25,1]", "_id": {"$oid": "59516ff93fce4a6697d50079"}}, {"passport_label": "12.25-1.0.25-25-25.29", "gen_vectors": [[7, 8, 9, 10, 6, 12, 13, 14, 15, 11, 17, 18, 19, 20, 16, 22, 23, 24, 25, 21, 3, 4, 5, 1, 2], [7, 8, 9, 10, 6, 12, 13, 14, 15, 11, 17, 18, 19, 20, 16, 22, 23, 24, 25, 21, 3, 4, 5, 1, 2], [18, 19, 20, 16, 17, 23, 24, 25, 21, 22, 4, 5, 1, 2, 3, 9, 10, 6, 7, 8, 14, 15, 11, 12, 13]], "total_label": "12.25-1.0.25-25-25.29.1", "cc": [29, 1], "label": "12.25-1.0.25-25-25", "genus": 12, "signature": "[0,25,25,25]", "group": "[25,1]", "_id": {"$oid": "59516ff93fce4a6697d5007a"}}, {"passport_label": "12.25-1.0.25-25-25.33", "gen_vectors": [[7, 8, 9, 10, 6, 12, 13, 14, 15, 11, 17, 18, 19, 20, 16, 22, 23, 24, 25, 21, 3, 4, 5, 1, 2], [15, 11, 12, 13, 14, 20, 16, 17, 18, 19, 25, 21, 22, 23, 24, 1, 2, 3, 4, 5, 6, 7, 8, 9, 10], [15, 11, 12, 13, 14, 20, 16, 17, 18, 19, 25, 21, 22, 23, 24, 1, 2, 3, 4, 5, 6, 7, 8, 9, 10]], "total_label": "12.25-1.0.25-25-25.33.1", "cc": [33, 1], "label": "12.25-1.0.25-25-25", "genus": 12, "signature": "[0,25,25,25]", "group": "[25,1]", "_id": {"$oid": "59516ffa3fce4a6697d5007b"}}, {"passport_label": "12.25-1.0.25-25-25.34", "gen_vectors": [[12, 13, 14, 15, 11, 17, 18, 19, 20, 16, 22, 23, 24, 25, 21, 3, 4, 5, 1, 2, 8, 9, 10, 6, 7], [12, 13, 14, 15, 11, 17, 18, 19, 20, 16, 22, 23, 24, 25, 21, 3, 4, 5, 1, 2, 8, 9, 10, 6, 7], [8, 9, 10, 6, 7, 13, 14, 15, 11, 12, 18, 19, 20, 16, 17, 23, 24, 25, 21, 22, 4, 5, 1, 2, 3]], "total_label": "12.25-1.0.25-25-25.34.1", "cc": [34, 1], "label": "12.25-1.0.25-25-25", "genus": 12, "signature": "[0,25,25,25]", "group": "[25,1]", "_id": {"$oid": "59516ffa3fce4a6697d5007c"}}, {"passport_label": "12.25-1.0.25-25-25.35", "gen_vectors": [[12, 13, 14, 15, 11, 17, 18, 19, 20, 16, 22, 23, 24, 25, 21, 3, 4, 5, 1, 2, 8, 9, 10, 6, 7], [22, 23, 24, 25, 21, 3, 4, 5, 1, 2, 8, 9, 10, 6, 7, 13, 14, 15, 11, 12, 18, 19, 20, 16, 17], [22, 23, 24, 25, 21, 3, 4, 5, 1, 2, 8, 9, 10, 6, 7, 13, 14, 15, 11, 12, 18, 19, 20, 16, 17]], "total_label": "12.25-1.0.25-25-25.35.1", "cc": [35, 1], "label": "12.25-1.0.25-25-25", "genus": 12, "signature": "[0,25,25,25]", "group": "[25,1]", "_id": {"$oid": "59516ffb3fce4a6697d5007d"}}, {"passport_label": "12.25-1.0.25-25-25.38", "gen_vectors": [[17, 18, 19, 20, 16, 22, 23, 24, 25, 21, 3, 4, 5, 1, 2, 8, 9, 10, 6, 7, 13, 14, 15, 11, 12], [17, 18, 19, 20, 16, 22, 23, 24, 25, 21, 3, 4, 5, 1, 2, 8, 9, 10, 6, 7, 13, 14, 15, 11, 12], [22, 23, 24, 25, 21, 3, 4, 5, 1, 2, 8, 9, 10, 6, 7, 13, 14, 15, 11, 12, 18, 19, 20, 16, 17]], "total_label": "12.25-1.0.25-25-25.38.1", "cc": [38, 1], "label": "12.25-1.0.25-25-25", "genus": 12, "signature": "[0,25,25,25]", "group": "[25,1]", "_id": {"$oid": "59516ffb3fce4a6697d5007e"}}, {"passport_label": "12.25-1.0.25-25-25.41", "gen_vectors": [[17, 18, 19, 20, 16, 22, 23, 24, 25, 21, 3, 4, 5, 1, 2, 8, 9, 10, 6, 7, 13, 14, 15, 11, 12], [10, 6, 7, 8, 9, 15, 11, 12, 13, 14, 20, 16, 17, 18, 19, 25, 21, 22, 23, 24, 1, 2, 3, 4, 5], [10, 6, 7, 8, 9, 15, 11, 12, 13, 14, 20, 16, 17, 18, 19, 25, 21, 22, 23, 24, 1, 2, 3, 4, 5]], "total_label": "12.25-1.0.25-25-25.41.1", "cc": [41, 1], "label": "12.25-1.0.25-25-25", "genus": 12, "signature": "[0,25,25,25]", "group": "[25,1]", "_id": {"$oid": "59516ffc3fce4a6697d5007f"}}, {"passport_label": "12.25-1.0.25-25-25.51", "gen_vectors": [[13, 14, 15, 11, 12, 18, 19, 20, 16, 17, 23, 24, 25, 21, 22, 4, 5, 1, 2, 3, 9, 10, 6, 7, 8], [24, 25, 21, 22, 23, 5, 1, 2, 3, 4, 10, 6, 7, 8, 9, 15, 11, 12, 13, 14, 20, 16, 17, 18, 19], [24, 25, 21, 22, 23, 5, 1, 2, 3, 4, 10, 6, 7, 8, 9, 15, 11, 12, 13, 14, 20, 16, 17, 18, 19]], "total_label": "12.25-1.0.25-25-25.51.1", "cc": [51, 1], "label": "12.25-1.0.25-25-25", "genus": 12, "signature": "[0,25,25,25]", "group": "[25,1]", "_id": {"$oid": "59516ffc3fce4a6697d50080"}}, {"passport_label": "12.25-1.0.25-25-25.52", "gen_vectors": [[18, 19, 20, 16, 17, 23, 24, 25, 21, 22, 4, 5, 1, 2, 3, 9, 10, 6, 7, 8, 14, 15, 11, 12, 13], [18, 19, 20, 16, 17, 23, 24, 25, 21, 22, 4, 5, 1, 2, 3, 9, 10, 6, 7, 8, 14, 15, 11, 12, 13], [25, 21, 22, 23, 24, 1, 2, 3, 4, 5, 6, 7, 8, 9, 10, 11, 12, 13, 14, 15, 16, 17, 18, 19, 20]], "total_label": "12.25-1.0.25-25-25.52.1", "cc": [52, 1], "label": "12.25-1.0.25-25-25", "genus": 12, "signature": "[0,25,25,25]", "group": "[25,1]", "_id": {"$oid": "59516ffd3fce4a6697d50081"}}, {"passport_label": "12.25-1.0.25-25-25.56", "gen_vectors": [[23, 24, 25, 21, 22, 4, 5, 1, 2, 3, 9, 10, 6, 7, 8, 14, 15, 11, 12, 13, 19, 20, 16, 17, 18], [23, 24, 25, 21, 22, 4, 5, 1, 2, 3, 9, 10, 6, 7, 8, 14, 15, 11, 12, 13, 19, 20, 16, 17, 18], [15, 11, 12, 13, 14, 20, 16, 17, 18, 19, 25, 21, 22, 23, 24, 1, 2, 3, 4, 5, 6, 7, 8, 9, 10]], "total_label": "12.25-1.0.25-25-25.56.1", "cc": [56, 1], "label": "12.25-1.0.25-25-25", "genus": 12, "signature": "[0,25,25,25]", "group": "[25,1]", "_id": {"$oid": "59516ffd3fce4a6697d50082"}}, {"passport_label": "12.25-1.0.25-25-25.58", "gen_vectors": [[23, 24, 25, 21, 22, 4, 5, 1, 2, 3, 9, 10, 6, 7, 8, 14, 15, 11, 12, 13, 19, 20, 16, 17, 18], [19, 20, 16, 17, 18, 24, 25, 21, 22, 23, 5, 1, 2, 3, 4, 10, 6, 7, 8, 9, 15, 11, 12, 13, 14], [19, 20, 16, 17, 18, 24, 25, 21, 22, 23, 5, 1, 2, 3, 4, 10, 6, 7, 8, 9, 15, 11, 12, 13, 14]], "total_label": "12.25-1.0.25-25-25.58.1", "cc": [58, 1], "label": "12.25-1.0.25-25-25", "genus": 12, "signature": "[0,25,25,25]", "group": "[25,1]", "_id": {"$oid": "59516ffe3fce4a6697d50083"}}, {"passport_label": "12.25-1.0.25-25-25.59", "gen_vectors": [[9, 10, 6, 7, 8, 14, 15, 11, 12, 13, 19, 20, 16, 17, 18, 24, 25, 21, 22, 23, 5, 1, 2, 3, 4], [9, 10, 6, 7, 8, 14, 15, 11, 12, 13, 19, 20, 16, 17, 18, 24, 25, 21, 22, 23, 5, 1, 2, 3, 4], [19, 20, 16, 17, 18, 24, 25, 21, 22, 23, 5, 1, 2, 3, 4, 10, 6, 7, 8, 9, 15, 11, 12, 13, 14]], "total_label": "12.25-1.0.25-25-25.59.1", "cc": [59, 1], "label": "12.25-1.0.25-25-25", "genus": 12, "signature": "[0,25,25,25]", "group": "[25,1]", "_id": {"$oid": "59516ffe3fce4a6697d50084"}}, {"passport_label": "12.25-1.0.25-25-25.60", "gen_vectors": [[9, 10, 6, 7, 8, 14, 15, 11, 12, 13, 19, 20, 16, 17, 18, 24, 25, 21, 22, 23, 5, 1, 2, 3, 4], [14, 15, 11, 12, 13, 19, 20, 16, 17, 18, 24, 25, 21, 22, 23, 5, 1, 2, 3, 4, 10, 6, 7, 8, 9], [14, 15, 11, 12, 13, 19, 20, 16, 17, 18, 24, 25, 21, 22, 23, 5, 1, 2, 3, 4, 10, 6, 7, 8, 9]], "total_label": "12.25-1.0.25-25-25.60.1", "cc": [60, 1], "label": "12.25-1.0.25-25-25", "genus": 12, "signature": "[0,25,25,25]", "group": "[25,1]", "_id": {"$oid": "59516fff3fce4a6697d50085"}}, {"passport_label": "12.25-1.0.25-25-25.6", "gen_vectors": [[6, 7, 8, 9, 10, 11, 12, 13, 14, 15, 16, 17, 18, 19, 20, 21, 22, 23, 24, 25, 2, 3, 4, 5, 1], [17, 18, 19, 20, 16, 22, 23, 24, 25, 21, 3, 4, 5, 1, 2, 8, 9, 10, 6, 7, 13, 14, 15, 11, 12], [9, 10, 6, 7, 8, 14, 15, 11, 12, 13, 19, 20, 16, 17, 18, 24, 25, 21, 22, 23, 5, 1, 2, 3, 4]], "total_label": "12.25-1.0.25-25-25.6.1", "cc": [6, 1], "label": "12.25-1.0.25-25-25", "genus": 12, "signature": "[0,25,25,25]", "group": "[25,1]", "_id": {"$oid": "59516edd3fce4a6697d4fe6d"}}, {"passport_label": "12.25-1.0.25-25-25.7", "gen_vectors": [[6, 7, 8, 9, 10, 11, 12, 13, 14, 15, 16, 17, 18, 19, 20, 21, 22, 23, 24, 25, 2, 3, 4, 5, 1], [8, 9, 10, 6, 7, 13, 14, 15, 11, 12, 18, 19, 20, 16, 17, 23, 24, 25, 21, 22, 4, 5, 1, 2, 3], [18, 19, 20, 16, 17, 23, 24, 25, 21, 22, 4, 5, 1, 2, 3, 9, 10, 6, 7, 8, 14, 15, 11, 12, 13]], "total_label": "12.25-1.0.25-25-25.7.1", "cc": [7, 1], "label": "12.25-1.0.25-25-25", "genus": 12, "signature": "[0,25,25,25]", "group": "[25,1]", "_id": {"$oid": "59516ede3fce4a6697d4fe6e"}}, {"passport_label": "12.25-1.0.25-25-25.10", "gen_vectors": [[11, 12, 13, 14, 15, 16, 17, 18, 19, 20, 21, 22, 23, 24, 25, 2, 3, 4, 5, 1, 7, 8, 9, 10, 6], [21, 22, 23, 24, 25, 2, 3, 4, 5, 1, 7, 8, 9, 10, 6, 12, 13, 14, 15, 11, 17, 18, 19, 20, 16], [24, 25, 21, 22, 23, 5, 1, 2, 3, 4, 10, 6, 7, 8, 9, 15, 11, 12, 13, 14, 20, 16, 17, 18, 19]], "total_label": "12.25-1.0.25-25-25.10.1", "cc": [10, 1], "label": "12.25-1.0.25-25-25", "genus": 12, "signature": "[0,25,25,25]", "group": "[25,1]", "_id": {"$oid": "59516ede3fce4a6697d4fe6f"}}, {"passport_label": "12.25-1.0.25-25-25.11", "gen_vectors": [[11, 12, 13, 14, 15, 16, 17, 18, 19, 20, 21, 22, 23, 24, 25, 2, 3, 4, 5, 1, 7, 8, 9, 10, 6], [7, 8, 9, 10, 6, 12, 13, 14, 15, 11, 17, 18, 19, 20, 16, 22, 23, 24, 25, 21, 3, 4, 5, 1, 2], [14, 15, 11, 12, 13, 19, 20, 16, 17, 18, 24, 25, 21, 22, 23, 5, 1, 2, 3, 4, 10, 6, 7, 8, 9]], "total_label": "12.25-1.0.25-25-25.11.1", "cc": [11, 1], "label": "12.25-1.0.25-25-25", "genus": 12, "signature": "[0,25,25,25]", "group": "[25,1]", "_id": {"$oid": "59516edf3fce4a6697d4fe70"}}, {"passport_label": "12.25-1.0.25-25-25.12", "gen_vectors": [[11, 12, 13, 14, 15, 16, 17, 18, 19, 20, 21, 22, 23, 24, 25, 2, 3, 4, 5, 1, 7, 8, 9, 10, 6], [12, 13, 14, 15, 11, 17, 18, 19, 20, 16, 22, 23, 24, 25, 21, 3, 4, 5, 1, 2, 8, 9, 10, 6, 7], [9, 10, 6, 7, 8, 14, 15, 11, 12, 13, 19, 20, 16, 17, 18, 24, 25, 21, 22, 23, 5, 1, 2, 3, 4]], "total_label": "12.25-1.0.25-25-25.12.1", "cc": [12, 1], "label": "12.25-1.0.25-25-25", "genus": 12, "signature": "[0,25,25,25]", "group": "[25,1]", "_id": {"$oid": "59516edf3fce4a6697d4fe71"}}, {"passport_label": "12.25-1.0.25-25-25.13", "gen_vectors": [[11, 12, 13, 14, 15, 16, 17, 18, 19, 20, 21, 22, 23, 24, 25, 2, 3, 4, 5, 1, 7, 8, 9, 10, 6], [22, 23, 24, 25, 21, 3, 4, 5, 1, 2, 8, 9, 10, 6, 7, 13, 14, 15, 11, 12, 18, 19, 20, 16, 17], [23, 24, 25, 21, 22, 4, 5, 1, 2, 3, 9, 10, 6, 7, 8, 14, 15, 11, 12, 13, 19, 20, 16, 17, 18]], "total_label": "12.25-1.0.25-25-25.13.1", "cc": [13, 1], "label": "12.25-1.0.25-25-25", "genus": 12, "signature": "[0,25,25,25]", "group": "[25,1]", "_id": {"$oid": "59516edf3fce4a6697d4fe72"}}, {"passport_label": "12.25-1.0.25-25-25.14", "gen_vectors": [[11, 12, 13, 14, 15, 16, 17, 18, 19, 20, 21, 22, 23, 24, 25, 2, 3, 4, 5, 1, 7, 8, 9, 10, 6], [8, 9, 10, 6, 7, 13, 14, 15, 11, 12, 18, 19, 20, 16, 17, 23, 24, 25, 21, 22, 4, 5, 1, 2, 3], [13, 14, 15, 11, 12, 18, 19, 20, 16, 17, 23, 24, 25, 21, 22, 4, 5, 1, 2, 3, 9, 10, 6, 7, 8]], "total_label": "12.25-1.0.25-25-25.14.1", "cc": [14, 1], "label": "12.25-1.0.25-25-25", "genus": 12, "signature": "[0,25,25,25]", "group": "[25,1]", "_id": {"$oid": "59516ee03fce4a6697d4fe73"}}, {"passport_label": "12.25-1.0.25-25-25.17", "gen_vectors": [[16, 17, 18, 19, 20, 21, 22, 23, 24, 25, 2, 3, 4, 5, 1, 7, 8, 9, 10, 6, 12, 13, 14, 15, 11], [21, 22, 23, 24, 25, 2, 3, 4, 5, 1, 7, 8, 9, 10, 6, 12, 13, 14, 15, 11, 17, 18, 19, 20, 16], [19, 20, 16, 17, 18, 24, 25, 21, 22, 23, 5, 1, 2, 3, 4, 10, 6, 7, 8, 9, 15, 11, 12, 13, 14]], "total_label": "12.25-1.0.25-25-25.17.1", "cc": [17, 1], "label": "12.25-1.0.25-25-25", "genus": 12, "signature": "[0,25,25,25]", "group": "[25,1]", "_id": {"$oid": "59516ee03fce4a6697d4fe74"}}, {"passport_label": "12.25-1.0.25-25-25.18", "gen_vectors": [[16, 17, 18, 19, 20, 21, 22, 23, 24, 25, 2, 3, 4, 5, 1, 7, 8, 9, 10, 6, 12, 13, 14, 15, 11], [7, 8, 9, 10, 6, 12, 13, 14, 15, 11, 17, 18, 19, 20, 16, 22, 23, 24, 25, 21, 3, 4, 5, 1, 2], [9, 10, 6, 7, 8, 14, 15, 11, 12, 13, 19, 20, 16, 17, 18, 24, 25, 21, 22, 23, 5, 1, 2, 3, 4]], "total_label": "12.25-1.0.25-25-25.18.1", "cc": [18, 1], "label": "12.25-1.0.25-25-25", "genus": 12, "signature": "[0,25,25,25]", "group": "[25,1]", "_id": {"$oid": "59516ee13fce4a6697d4fe75"}}, {"passport_label": "12.25-1.0.25-25-25.19", "gen_vectors": [[16, 17, 18, 19, 20, 21, 22, 23, 24, 25, 2, 3, 4, 5, 1, 7, 8, 9, 10, 6, 12, 13, 14, 15, 11], [17, 18, 19, 20, 16, 22, 23, 24, 25, 21, 3, 4, 5, 1, 2, 8, 9, 10, 6, 7, 13, 14, 15, 11, 12], [23, 24, 25, 21, 22, 4, 5, 1, 2, 3, 9, 10, 6, 7, 8, 14, 15, 11, 12, 13, 19, 20, 16, 17, 18]], "total_label": "12.25-1.0.25-25-25.19.1", "cc": [19, 1], "label": "12.25-1.0.25-25-25", "genus": 12, "signature": "[0,25,25,25]", "group": "[25,1]", "_id": {"$oid": "59516ee23fce4a6697d4fe76"}}, {"passport_label": "12.25-1.0.25-25-25.20", "gen_vectors": [[16, 17, 18, 19, 20, 21, 22, 23, 24, 25, 2, 3, 4, 5, 1, 7, 8, 9, 10, 6, 12, 13, 14, 15, 11], [22, 23, 24, 25, 21, 3, 4, 5, 1, 2, 8, 9, 10, 6, 7, 13, 14, 15, 11, 12, 18, 19, 20, 16, 17], [18, 19, 20, 16, 17, 23, 24, 25, 21, 22, 4, 5, 1, 2, 3, 9, 10, 6, 7, 8, 14, 15, 11, 12, 13]], "total_label": "12.25-1.0.25-25-25.20.1", "cc": [20, 1], "label": "12.25-1.0.25-25-25", "genus": 12, "signature": "[0,25,25,25]", "group": "[25,1]", "_id": {"$oid": "59516ee23fce4a6697d4fe77"}}, {"passport_label": "12.25-1.0.25-25-25.22", "gen_vectors": [[16, 17, 18, 19, 20, 21, 22, 23, 24, 25, 2, 3, 4, 5, 1, 7, 8, 9, 10, 6, 12, 13, 14, 15, 11], [20, 16, 17, 18, 19, 25, 21, 22, 23, 24, 1, 2, 3, 4, 5, 6, 7, 8, 9, 10, 11, 12, 13, 14, 15], [25, 21, 22, 23, 24, 1, 2, 3, 4, 5, 6, 7, 8, 9, 10, 11, 12, 13, 14, 15, 16, 17, 18, 19, 20]], "total_label": "12.25-1.0.25-25-25.22.1", "cc": [22, 1], "label": "12.25-1.0.25-25-25", "genus": 12, "signature": "[0,25,25,25]", "group": "[25,1]", "_id": {"$oid": "59516ee33fce4a6697d4fe78"}}, {"passport_label": "12.25-1.0.25-25-25.24", "gen_vectors": [[21, 22, 23, 24, 25, 2, 3, 4, 5, 1, 7, 8, 9, 10, 6, 12, 13, 14, 15, 11, 17, 18, 19, 20, 16], [12, 13, 14, 15, 11, 17, 18, 19, 20, 16, 22, 23, 24, 25, 21, 3, 4, 5, 1, 2, 8, 9, 10, 6, 7], [23, 24, 25, 21, 22, 4, 5, 1, 2, 3, 9, 10, 6, 7, 8, 14, 15, 11, 12, 13, 19, 20, 16, 17, 18]], "total_label": "12.25-1.0.25-25-25.24.1", "cc": [24, 1], "label": "12.25-1.0.25-25-25", "genus": 12, "signature": "[0,25,25,25]", "group": "[25,1]", "_id": {"$oid": "59516ee33fce4a6697d4fe79"}}, {"passport_label": "12.25-1.0.25-25-25.25", "gen_vectors": [[21, 22, 23, 24, 25, 2, 3, 4, 5, 1, 7, 8, 9, 10, 6, 12, 13, 14, 15, 11, 17, 18, 19, 20, 16], [17, 18, 19, 20, 16, 22, 23, 24, 25, 21, 3, 4, 5, 1, 2, 8, 9, 10, 6, 7, 13, 14, 15, 11, 12], [18, 19, 20, 16, 17, 23, 24, 25, 21, 22, 4, 5, 1, 2, 3, 9, 10, 6, 7, 8, 14, 15, 11, 12, 13]], "total_label": "12.25-1.0.25-25-25.25.1", "cc": [25, 1], "label": "12.25-1.0.25-25-25", "genus": 12, "signature": "[0,25,25,25]", "group": "[25,1]", "_id": {"$oid": "59516ee43fce4a6697d4fe7a"}}, {"passport_label": "12.25-1.0.25-25-25.26", "gen_vectors": [[21, 22, 23, 24, 25, 2, 3, 4, 5, 1, 7, 8, 9, 10, 6, 12, 13, 14, 15, 11, 17, 18, 19, 20, 16], [22, 23, 24, 25, 21, 3, 4, 5, 1, 2, 8, 9, 10, 6, 7, 13, 14, 15, 11, 12, 18, 19, 20, 16, 17], [13, 14, 15, 11, 12, 18, 19, 20, 16, 17, 23, 24, 25, 21, 22, 4, 5, 1, 2, 3, 9, 10, 6, 7, 8]], "total_label": "12.25-1.0.25-25-25.26.1", "cc": [26, 1], "label": "12.25-1.0.25-25-25", "genus": 12, "signature": "[0,25,25,25]", "group": "[25,1]", "_id": {"$oid": "59516ee43fce4a6697d4fe7b"}}, {"passport_label": "12.25-1.0.25-25-25.27", "gen_vectors": [[21, 22, 23, 24, 25, 2, 3, 4, 5, 1, 7, 8, 9, 10, 6, 12, 13, 14, 15, 11, 17, 18, 19, 20, 16], [15, 11, 12, 13, 14, 20, 16, 17, 18, 19, 25, 21, 22, 23, 24, 1, 2, 3, 4, 5, 6, 7, 8, 9, 10], [25, 21, 22, 23, 24, 1, 2, 3, 4, 5, 6, 7, 8, 9, 10, 11, 12, 13, 14, 15, 16, 17, 18, 19, 20]], "total_label": "12.25-1.0.25-25-25.27.1", "cc": [27, 1], "label": "12.25-1.0.25-25-25", "genus": 12, "signature": "[0,25,25,25]", "group": "[25,1]", "_id": {"$oid": "59516ee53fce4a6697d4fe7c"}}, {"passport_label": "12.25-1.0.25-25-25.30", "gen_vectors": [[7, 8, 9, 10, 6, 12, 13, 14, 15, 11, 17, 18, 19, 20, 16, 22, 23, 24, 25, 21, 3, 4, 5, 1, 2], [12, 13, 14, 15, 11, 17, 18, 19, 20, 16, 22, 23, 24, 25, 21, 3, 4, 5, 1, 2, 8, 9, 10, 6, 7], [13, 14, 15, 11, 12, 18, 19, 20, 16, 17, 23, 24, 25, 21, 22, 4, 5, 1, 2, 3, 9, 10, 6, 7, 8]], "total_label": "12.25-1.0.25-25-25.30.1", "cc": [30, 1], "label": "12.25-1.0.25-25-25", "genus": 12, "signature": "[0,25,25,25]", "group": "[25,1]", "_id": {"$oid": "59516ee53fce4a6697d4fe7d"}}, {"passport_label": "12.25-1.0.25-25-25.31", "gen_vectors": [[7, 8, 9, 10, 6, 12, 13, 14, 15, 11, 17, 18, 19, 20, 16, 22, 23, 24, 25, 21, 3, 4, 5, 1, 2], [17, 18, 19, 20, 16, 22, 23, 24, 25, 21, 3, 4, 5, 1, 2, 8, 9, 10, 6, 7, 13, 14, 15, 11, 12], [8, 9, 10, 6, 7, 13, 14, 15, 11, 12, 18, 19, 20, 16, 17, 23, 24, 25, 21, 22, 4, 5, 1, 2, 3]], "total_label": "12.25-1.0.25-25-25.31.1", "cc": [31, 1], "label": "12.25-1.0.25-25-25", "genus": 12, "signature": "[0,25,25,25]", "group": "[25,1]", "_id": {"$oid": "59516ee63fce4a6697d4fe7e"}}, {"passport_label": "12.25-1.0.25-25-25.32", "gen_vectors": [[7, 8, 9, 10, 6, 12, 13, 14, 15, 11, 17, 18, 19, 20, 16, 22, 23, 24, 25, 21, 3, 4, 5, 1, 2], [10, 6, 7, 8, 9, 15, 11, 12, 13, 14, 20, 16, 17, 18, 19, 25, 21, 22, 23, 24, 1, 2, 3, 4, 5], [20, 16, 17, 18, 19, 25, 21, 22, 23, 24, 1, 2, 3, 4, 5, 6, 7, 8, 9, 10, 11, 12, 13, 14, 15]], "total_label": "12.25-1.0.25-25-25.32.1", "cc": [32, 1], "label": "12.25-1.0.25-25-25", "genus": 12, "signature": "[0,25,25,25]", "group": "[25,1]", "_id": {"$oid": "59516ee63fce4a6697d4fe7f"}}, {"passport_label": "12.25-1.0.25-25-25.36", "gen_vectors": [[12, 13, 14, 15, 11, 17, 18, 19, 20, 16, 22, 23, 24, 25, 21, 3, 4, 5, 1, 2, 8, 9, 10, 6, 7], [24, 25, 21, 22, 23, 5, 1, 2, 3, 4, 10, 6, 7, 8, 9, 15, 11, 12, 13, 14, 20, 16, 17, 18, 19], [25, 21, 22, 23, 24, 1, 2, 3, 4, 5, 6, 7, 8, 9, 10, 11, 12, 13, 14, 15, 16, 17, 18, 19, 20]], "total_label": "12.25-1.0.25-25-25.36.1", "cc": [36, 1], "label": "12.25-1.0.25-25-25", "genus": 12, "signature": "[0,25,25,25]", "group": "[25,1]", "_id": {"$oid": "59516ee73fce4a6697d4fe80"}}, {"passport_label": "12.25-1.0.25-25-25.37", "gen_vectors": [[12, 13, 14, 15, 11, 17, 18, 19, 20, 16, 22, 23, 24, 25, 21, 3, 4, 5, 1, 2, 8, 9, 10, 6, 7], [10, 6, 7, 8, 9, 15, 11, 12, 13, 14, 20, 16, 17, 18, 19, 25, 21, 22, 23, 24, 1, 2, 3, 4, 5], [15, 11, 12, 13, 14, 20, 16, 17, 18, 19, 25, 21, 22, 23, 24, 1, 2, 3, 4, 5, 6, 7, 